21 80 5 7 67 67 60 53 74 66 
31 79 58 14 30 70 25 70 1 14 
42 22 97 26 17 45 56 44 94 23 
76 79 72 35 95 92 27 84 13 52 
53 98 18 27 75 24 71 62 68 4 
59 79 12 55 23 83 87 89 23 98 
4 96 43 75 16 61 31 98 8 80 
56 81 8 62 5 11 54 70 9 46 
83 64 38 29 97 32 31 65 75 42 
59 33 73 68 51 80 3 51 6 91 
18 32 79 41 18 42 32 78 87 88 
22 29 11 64 46 86 68 47 87 96 
63 65 21 29 86 66 42 70 13 23 
87 42 4 23 68 76 94 66 93 57 
81 47 25 84 87 78 65 100 58 48 
29 76 53 71 68 10 67 59 93 15 
76 51 91 52 46 86 77 81 54 50 
19 26 69 82 53 19 55 8 18 66 
95 66 74 89 60 70 60 37 11 74 
80 13 89 54 77 12 62 73 67 50 
82 50 55 91 87 66 8 46 75 52 
26 37 94 50 38 2 21 100 58 53 
47 96 83 1 9 63 45 34 70 3 
82 45 52 66 27 72 54 15 92 36 
95 28 31 63 4 67 69 64 74 87 
77 39 31 16 46 51 3 8 64 70 
27 80 30 71 53 90 43 83 3 20 
34 14 63 62 41 6 80 10 7 99 
41 61 82 89 18 15 73 83 59 68 
25 89 16 37 75 48 62 66 94 18 
42 6 39 32 88 93 95 98 100 19 
28 30 88 52 64 9 73 96 79 96 
17 46 44 66 2 6 60 95 70 98 
48 84 14 28 57 94 61 1 69 81 
61 4 35 15 93 66 39 99 48 56 
22 43 61 28 46 57 93 94 7 73 
17 98 25 94 60 34 69 4 73 89 
75 73 14 4 42 64 35 26 36 81 
50 55 92 16 68 85 67 94 68 62 
87 78 67 14 87 90 56 30 67 65 
74 39 58 9 57 77 75 58 82 67 
39 37 44 8 87 55 64 21 77 30 
28 5 23 2 8 26 27 98 57 49 
90 2 48 98 58 50 55 67 44 4 
23 63 98 22 22 55 89 99 83 71 
55 20 77 16 16 29 76 71 99 17 
76 70 36 43 77 42 34 18 95 83 
15 48 80 49 83 1 11 33 27 46 
72 89 62 84 2 62 99 66 100 95 
54 44 69 2 8 60 58 95 34 71 
7 33 5 56 71 61 42 4 72 34 
49 90 19 46 60 51 40 4 10 2 
47 91 89 34 47 64 77 20 20 5 
15 24 4 72 51 21 2 62 62 65 
57 1 19 40 20 90 92 64 19 21 
98 49 17 99 15 43 43 74 61 69 
10 20 96 58 61 65 51 39 59 98 
39 11 9 75 29 11 99 49 23 43 
50 66 55 71 94 88 49 7 9 44 
94 97 28 88 37 68 60 99 38 94 
38 48 10 95 57 87 91 93 53 83 
100 89 50 95 69 19 38 72 61 7 
28 79 65 41 82 45 83 58 98 26 
87 25 97 60 10 88 60 77 24 84 
29 16 44 56 50 27 12 99 49 41 
42 14 97 74 66 88 92 87 89 72 
2 48 56 49 89 90 71 46 60 27 
6 13 54 44 54 62 96 54 87 1 
16 33 93 20 19 30 78 52 6 66 
56 71 25 66 92 70 39 10 46 57 
94 2 88 28 58 43 58 71 78 61 
76 34 77 13 81 13 71 7 38 47 
33 34 11 82 63 7 26 32 41 16 
99 94 13 93 29 64 53 33 33 5 
100 80 81 77 30 2 95 18 37 52 
5 34 16 3 79 73 99 88 20 66 
33 28 48 8 47 21 18 39 25 19 
38 30 99 54 84 12 50 10 93 86 
17 66 70 84 31 1 11 84 14 16 
88 94 66 22 68 27 89 17 83 11 
87 39 98 37 79 95 87 1 97 67 
2 18 34 32 97 95 38 56 7 68 
36 73 16 98 61 62 80 87 70 79 
9 33 44 10 56 22 44 84 59 69 
91 12 83 68 37 46 97 21 45 17 
80 16 53 79 62 23 60 52 18 89 
52 7 86 61 35 60 33 86 17 89 
5 60 37 76 19 34 97 9 84 23 
72 42 41 81 52 23 47 24 8 100 
77 56 72 74 11 98 12 70 95 56 
3 57 95 21 85 21 11 79 43 61 
12 29 84 100 38 73 33 24 43 19 
90 55 38 96 41 79 83 17 99 30 
41 100 21 25 34 70 17 30 10 40 
91 37 91 99 19 71 52 78 54 99 
34 14 37 87 24 58 1 55 48 50 
84 45 88 15 92 68 10 53 28 2 
32 75 69 62 99 12 99 4 27 83 
85 44 32 90 97 65 32 69 77 58 
17 5 11 28 22 28 44 47 2 15 
94 47 82 42 32 15 53 65 67 1 
58 61 54 10 64 87 22 13 97 1 
56 59 13 66 9 73 67 51 81 13 
28 71 19 72 3 53 77 77 89 26 
67 24 25 95 6 81 68 4 16 60 
83 54 7 75 30 52 41 65 42 96 
6 99 67 51 68 37 24 78 43 68 
99 63 51 3 64 37 89 55 2 39 
4 28 7 5 50 37 58 20 14 45 
63 76 64 20 98 21 99 6 52 31 
55 42 23 24 24 59 64 71 67 45 
72 66 8 58 84 89 48 5 99 30 
30 91 19 26 94 17 30 94 66 34 
43 71 21 94 49 84 21 81 21 93 
3 41 16 62 98 39 67 2 43 29 
63 86 29 85 85 70 85 94 92 14 
100 43 42 19 4 14 76 8 13 4 
81 8 70 27 59 34 1 93 87 61 
4 38 79 15 81 41 81 41 65 18 
10 36 69 100 80 33 9 38 70 24 
66 63 95 3 40 14 26 24 25 98 
17 61 22 98 95 51 35 49 100 5 
73 57 61 66 13 93 86 87 44 35 
97 4 51 84 52 7 84 83 63 26 
2 96 7 78 23 81 59 8 100 60 
34 92 18 68 85 54 8 78 35 13 
88 53 95 63 68 49 38 11 15 37 
91 81 45 89 12 68 75 47 63 35 
71 61 77 26 40 35 2 53 15 95 
79 1 38 67 14 26 42 64 13 3 
81 73 58 73 60 87 41 16 8 62 
22 67 72 46 75 5 23 53 80 14 
84 72 43 17 22 42 7 97 95 28 
100 71 69 51 47 78 53 28 76 73 
84 13 2 42 15 98 48 95 94 71 
91 71 65 49 79 68 23 81 90 88 
73 20 75 23 88 81 72 83 55 94 
49 7 83 58 82 50 32 36 3 72 
9 12 42 90 25 83 37 83 78 4 
87 83 27 94 6 12 69 78 16 29 
58 75 59 35 31 65 37 52 92 98 
32 6 66 68 79 72 52 16 23 48 
51 13 10 89 57 69 22 97 53 68 
86 24 82 10 54 64 38 19 24 76 
5 75 100 23 75 81 64 57 82 1 
89 73 1 57 67 59 23 93 55 43 
40 59 100 8 87 18 15 10 56 32 
60 37 1 79 58 94 92 8 91 97 
12 14 30 77 1 83 58 89 45 58 
4 20 74 20 8 20 66 33 93 97 
18 27 3 40 11 78 7 51 11 16 
62 27 72 75 50 29 47 48 50 7 
36 68 25 86 86 31 47 90 89 54 
92 66 52 52 62 42 95 4 26 31 
18 47 2 84 4 37 98 52 50 27 
81 93 58 79 95 9 37 79 5 52 
78 61 85 60 90 40 21 52 73 73 
3 1 69 1 35 12 87 82 21 38 
91 97 49 46 41 74 33 79 50 33 
98 18 76 93 83 87 43 3 36 61 
29 85 51 13 57 55 9 79 61 35 
23 23 49 89 39 31 56 79 23 78 
66 8 6 30 63 48 71 43 12 28 
99 28 48 92 89 23 18 92 72 100 
70 61 61 56 38 97 76 24 79 1 
30 65 61 68 29 78 44 29 36 73 
89 12 29 4 61 30 42 20 20 13 
40 17 30 62 79 60 72 25 98 24 
50 1 58 72 98 63 51 28 93 76 
3 88 21 42 72 42 67 83 41 39 
90 66 33 32 90 60 39 59 43 18 
98 85 14 61 69 24 14 38 31 86 
35 1 31 17 13 7 74 50 28 59 
86 92 41 6 42 10 96 73 51 17 
72 20 52 93 17 66 49 72 1 64 
27 64 63 88 96 18 72 22 89 7 
84 86 26 60 57 21 25 6 6 7 
15 83 15 46 16 85 37 40 98 44 
47 62 73 32 92 1 15 29 67 16 
23 26 33 84 88 58 41 92 12 50 
11 44 50 32 4 72 86 93 5 39 
3 97 67 51 87 20 66 28 63 21 
70 48 37 56 92 57 81 38 46 59 
12 28 7 26 16 5 98 55 41 84 
25 11 84 66 93 49 11 5 93 61 
12 87 85 79 92 98 30 49 88 76 
79 37 74 77 27 51 22 56 2 35 
83 47 37 96 46 91 11 36 6 55 
78 12 75 45 15 68 22 23 54 29 
49 13 6 71 80 37 49 69 39 7 
51 15 90 42 98 7 80 92 83 93 
16 6 79 78 80 33 81 32 80 22 
92 35 21 4 84 52 23 3 55 67 
80 73 74 72 60 65 54 2 63 90 
45 71 89 85 38 81 78 31 58 75 
97 22 32 4 83 73 92 24 47 92 
83 24 8 31 15 49 43 28 51 62 
45 99 31 11 69 33 62 74 81 57 
63 36 27 100 26 65 12 61 36 93 
28 57 87 58 43 19 70 23 92 46 
72 52 1 94 3 85 44 22 23 97 
77 57 40 3 85 96 94 44 63 39 
97 84 13 67 54 20 2 19 54 9 
15 45 57 54 17 72 89 80 10 100 
29 58 27 70 21 93 22 17 57 50 
12 63 18 88 56 33 13 58 92 75 
83 88 80 15 62 90 77 55 67 25 
7 47 52 34 31 61 9 98 28 65 
86 88 16 97 72 31 60 54 58 3 
34 93 59 67 39 60 55 26 5 42 
83 83 2 70 81 63 84 45 60 1 
29 78 76 16 67 70 27 57 4 5 
14 93 35 95 48 67 52 14 32 63 
98 77 93 58 1 2 26 34 10 10 
32 19 83 13 93 12 67 57 83 47 
54 43 18 19 99 20 7 4 11 63 
34 54 4 97 34 19 62 59 53 60 
21 32 11 35 16 98 45 14 22 94 
55 4 84 12 77 33 35 93 31 69 
44 52 80 62 58 73 58 58 38 45 
69 83 6 87 90 86 5 100 98 80 
28 61 48 61 31 3 15 63 90 64 
85 82 94 21 2 42 4 45 9 94 
57 51 34 37 1 20 92 35 62 32 
65 29 28 15 13 26 35 38 92 81 
53 39 33 28 91 34 96 64 26 93 
46 16 43 83 84 84 85 50 70 27 
99 26 11 72 26 15 27 18 80 79 
88 99 15 30 90 67 93 46 78 14 
21 98 78 43 92 11 11 42 58 74 
92 61 56 38 71 63 67 22 90 25 
42 23 44 53 100 11 9 34 25 19 
48 34 69 7 33 100 92 75 24 13 
1 79 85 78 96 68 5 64 18 78 
81 89 89 93 94 15 77 92 66 57 
35 43 59 83 49 12 90 43 91 85 
62 31 5 28 54 57 37 23 13 81 
19 5 17 91 69 27 56 57 5 36 
64 69 44 86 10 96 13 6 98 7 
49 7 21 70 38 24 31 55 78 28 
27 29 39 6 34 9 65 83 25 27 
37 56 76 90 18 98 24 19 49 44 
52 64 17 42 69 80 93 88 43 27 
62 43 20 52 90 62 31 87 95 2 
25 77 96 50 30 83 81 21 11 19 
91 66 73 31 81 18 34 56 49 66 
87 98 62 80 94 90 54 84 17 88 
5 20 100 72 59 20 77 5 59 89 
19 96 84 12 25 55 11 95 52 66 
87 57 3 28 23 15 27 74 78 20 
24 13 77 89 63 34 80 21 78 83 
99 43 2 6 86 15 92 97 33 97 
48 97 58 50 6 56 75 51 50 46 
15 78 87 53 29 60 4 8 42 54 
5 62 77 66 49 85 36 90 41 33 
53 7 48 3 6 59 33 66 83 93 
95 97 87 23 31 9 14 66 49 2 
62 34 1 89 36 29 21 96 43 73 
9 58 56 86 2 43 40 6 75 52 
47 49 14 63 98 53 68 32 36 11 
57 57 95 97 79 81 14 83 37 65 
6 36 11 73 66 6 17 97 24 90 
90 19 79 11 67 16 70 19 5 47 
87 19 40 91 54 39 26 66 81 53 
37 95 97 56 16 97 59 2 13 81 
96 72 43 45 7 6 79 4 33 50 
27 38 19 93 26 25 49 97 68 47 
42 91 85 10 21 60 68 83 55 4 
46 2 26 27 85 10 30 75 73 27 
67 76 26 16 88 15 68 32 51 58 
22 72 37 100 45 46 54 29 2 50 
61 14 29 98 46 87 2 81 70 86 
80 9 67 16 45 9 78 75 68 10 
5 94 55 54 58 10 5 12 42 25 
15 70 91 37 36 12 47 36 51 95 
61 43 50 34 69 50 49 74 40 89 
100 37 78 57 57 93 65 75 26 82 
91 30 83 85 28 89 21 68 89 83 
32 71 89 62 11 50 70 23 29 31 
20 79 74 3 7 32 41 56 14 36 
71 37 57 48 78 93 19 13 83 82 
97 63 24 22 84 82 73 90 82 69 
3 71 56 60 72 14 87 90 11 11 
89 85 76 69 27 69 87 2 82 43 
70 98 26 56 20 59 79 36 81 24 
67 67 44 94 2 79 26 24 86 16 
86 79 94 97 5 86 13 23 74 93 
15 33 78 40 21 74 79 87 54 68 
56 73 19 26 99 69 28 77 34 99 
81 84 63 4 4 29 34 88 80 9 
9 85 23 68 31 81 37 82 74 94 
37 98 45 97 74 4 2 100 43 29 
21 50 99 52 73 33 65 82 15 80 
79 87 62 23 70 47 70 55 54 19 
97 23 76 37 56 100 38 92 54 46 
59 17 96 96 37 3 33 95 7 57 
37 16 19 90 33 22 24 8 94 71 
69 21 20 6 43 67 41 15 50 82 
23 88 56 95 10 63 42 70 39 25 
23 9 10 81 7 89 16 71 85 61 
42 1 53 89 66 72 30 46 40 92 
63 78 84 37 38 60 90 86 2 27 
94 72 86 29 84 56 55 48 1 94 
61 51 72 13 59 94 32 61 57 78 
93 76 19 57 1 6 73 48 39 16 
22 100 8 75 82 56 2 55 68 63 
52 38 16 74 56 4 86 4 69 12 
51 45 29 44 30 82 96 58 36 51 
18 83 41 77 90 75 64 51 96 7 
5 3 55 56 33 85 88 44 90 23 
62 17 42 57 75 14 43 86 87 30 
5 32 12 2 43 20 95 59 36 81 
2 25 46 27 92 55 86 97 33 46 
72 64 75 97 36 80 82 76 54 23 
51 82 6 9 18 33 57 67 61 80 
22 16 21 83 64 55 91 7 77 75 
44 43 79 30 47 88 42 59 36 44 
52 75 79 57 5 76 10 44 3 49 
20 6 17 86 99 59 35 80 98 82 
80 73 92 25 60 41 43 53 49 77 
65 76 92 6 48 83 64 57 34 83 
24 63 98 59 23 56 14 83 98 1 
74 57 65 75 21 5 70 50 7 93 
23 37 95 22 62 6 26 37 84 34 
77 38 56 15 37 62 55 14 25 41 
65 78 18 90 17 15 3 80 41 12 
34 55 41 18 7 28 31 33 1 38 
5 65 75 57 12 7 46 49 96 12 
64 92 32 3 64 1 80 47 30 24 
90 3 33 32 75 57 34 73 83 46 
4 51 55 80 73 68 27 95 12 12 
31 81 63 83 28 65 97 2 62 60 
38 35 44 79 100 39 49 10 51 76 
32 49 83 92 10 52 97 7 65 1 
24 77 97 55 59 40 73 27 9 71 
51 42 40 91 68 41 2 13 34 81 
70 15 40 99 40 72 34 64 73 30 
7 91 34 65 36 56 90 38 74 57 
51 91 43 24 18 94 33 28 64 13 
32 29 31 77 39 35 61 44 91 95 
91 53 44 52 57 14 13 93 22 16 
27 40 44 96 93 36 50 47 67 88 
2 12 9 7 30 65 76 5 54 3 
45 88 45 16 45 93 74 60 88 17 
2 64 61 51 87 38 23 36 23 65 
75 18 83 34 31 15 100 45 51 6 
93 26 23 12 38 71 25 84 69 66 
41 58 62 1 35 78 9 58 79 53 
41 2 36 13 12 14 76 37 35 44 
89 4 72 24 55 39 87 62 56 39 
65 17 60 50 38 75 29 45 70 19 
43 62 21 77 55 13 9 92 6 44 
77 26 1 41 35 70 3 8 26 2 
23 61 95 4 32 86 86 62 32 61 
26 95 1 9 25 77 3 94 5 49 
27 86 13 47 12 13 92 55 100 33 
69 61 2 51 82 76 43 33 79 30 
79 69 16 83 78 68 51 72 77 9 
73 29 4 97 55 15 9 70 29 16 
74 68 22 8 59 72 96 88 40 45 
75 54 91 85 37 21 55 68 74 41 
4 17 53 15 97 26 47 82 28 14 
54 80 45 78 95 87 16 20 59 69 
30 64 96 52 59 22 20 61 2 77 
78 64 4 78 24 35 22 100 77 3 
82 8 21 96 49 23 23 67 73 71 
43 14 78 15 9 3 67 67 58 6 
40 15 83 73 62 20 3 83 30 65 
70 68 14 13 100 75 90 90 26 78 
61 10 29 28 57 66 22 3 80 80 
87 73 56 89 1 36 33 76 81 40 
7 83 5 89 93 20 83 70 12 36 
1 54 96 100 17 67 57 57 31 64 
18 9 47 81 24 80 40 29 33 57 
68 93 88 23 41 36 46 41 19 61 
51 34 14 33 75 77 75 94 15 39 
81 18 27 67 29 3 55 76 89 88 
55 16 53 43 40 29 84 22 61 92 
100 35 66 33 19 1 49 49 54 37 
71 73 94 38 9 25 25 74 100 37 
59 77 11 75 11 97 85 88 54 11 
7 93 18 16 87 64 47 84 11 49 
51 41 21 43 32 10 88 27 29 99 
77 75 2 8 59 36 20 20 9 62 
81 3 47 13 72 89 4 13 70 12 
47 100 25 54 40 33 46 63 79 17 
75 5 40 5 66 93 49 50 73 63 
73 5 42 38 26 67 3 90 63 38 
60 3 8 7 42 19 46 22 68 21 
6 28 51 9 86 4 3 84 69 62 
18 92 69 86 78 12 63 24 71 14 
98 9 1 91 56 20 67 29 34 76 
62 88 10 91 35 94 20 68 13 65 
90 38 78 51 65 68 72 86 2 58 
19 2 46 82 58 54 99 1 19 87 
63 65 41 17 22 58 89 1 12 41 
21 16 68 1 49 93 97 77 76 22 
36 67 20 57 79 63 85 42 33 17 
76 10 99 50 87 58 11 46 18 30 
47 62 45 73 8 40 33 49 17 79 
18 1 68 79 13 72 1 34 52 26 
11 61 27 97 8 6 34 4 100 42 
1 44 77 44 67 88 17 60 44 68 
65 3 74 100 7 68 27 94 4 28 
18 13 13 19 63 1 83 43 57 100 
69 70 43 51 74 7 34 10 24 74 
15 62 1 69 68 85 4 84 94 48 
60 29 3 9 97 21 13 1 92 55 
64 96 59 31 67 84 17 27 86 65 
44 41 97 74 28 5 93 97 63 62 
90 97 20 57 63 25 10 11 25 86 
11 55 15 85 69 59 15 43 80 24 
12 82 13 66 39 73 56 30 91 25 
57 11 22 18 78 19 30 5 13 67 
83 91 44 23 26 68 11 36 25 55 
37 97 42 37 100 72 49 42 19 73 
28 35 2 89 98 6 49 25 81 89 
32 15 78 33 23 42 53 47 54 78 
89 40 78 43 94 67 100 47 79 65 
26 6 11 37 40 34 88 46 48 89 
39 77 19 42 10 7 44 33 69 76 
18 87 89 92 89 94 42 90 14 67 
52 3 18 9 57 57 97 57 66 22 
24 7 91 56 73 29 1 90 18 69 
9 57 70 17 31 4 7 50 32 40 
41 72 52 60 1 5 48 37 77 27 
89 76 25 37 51 28 94 50 21 90 
39 75 69 60 62 51 99 47 69 70 
3 27 21 47 25 39 60 84 1 51 
91 11 20 67 52 69 83 76 86 67 
94 10 89 26 69 32 66 10 38 98 
77 55 12 93 39 87 65 5 19 72 
65 1 75 85 80 33 11 80 5 88 
46 48 70 58 66 73 73 80 71 8 
40 40 56 1 97 8 10 21 88 22 
37 66 23 70 86 13 41 43 26 18 
38 52 98 71 99 23 20 11 9 18 
1 35 93 30 30 76 27 94 59 76 
28 88 32 57 91 57 95 72 58 4 
3 59 7 64 61 78 2 45 76 33 
62 89 15 3 52 3 46 80 99 53 
57 83 11 30 91 59 9 24 98 89 
32 64 21 15 39 81 23 92 78 91 
50 19 14 84 69 50 50 21 98 88 
60 83 61 1 25 6 93 82 37 26 
88 20 63 68 64 53 70 37 41 30 
8 46 34 76 55 45 12 86 62 44 
17 5 94 63 54 59 4 84 68 7 
84 39 85 41 42 100 15 10 4 41 
42 2 59 49 60 46 88 35 91 10 
66 9 66 7 73 52 44 75 54 97 
42 25 48 86 16 41 74 47 36 78 
77 9 66 94 9 37 24 15 1 14 
42 95 47 72 71 18 13 76 71 92 
95 37 48 54 35 13 25 15 51 78 
65 28 13 1 94 25 48 89 50 60 
7 18 2 39 16 100 86 45 19 78 
5 35 13 95 59 64 44 43 36 59 
36 12 91 18 97 66 21 56 36 90 
25 16 64 58 82 76 71 89 44 46 
62 33 59 6 1 59 33 68 31 4 
18 82 18 98 63 22 36 82 28 14 
95 75 91 21 98 16 79 69 93 88 
13 51 5 3 55 23 26 26 87 38 
36 68 63 95 29 16 67 49 33 46 
78 23 90 13 34 41 32 55 48 35 
21 85 65 17 22 11 40 13 30 28 
85 86 35 15 37 38 52 12 76 39 
14 86 72 95 24 99 48 85 74 31 
1 85 48 91 56 87 84 17 55 45 
6 40 2 51 61 33 79 72 76 9 
37 43 51 35 89 83 47 2 75 85 
28 20 43 79 90 59 82 35 20 41 
71 66 22 35 48 63 1 50 6 59 
25 21 80 42 30 47 9 90 84 78 
48 53 34 50 46 41 75 44 31 59 
88 3 57 80 93 36 70 84 62 34 
100 73 86 8 92 72 56 48 49 80 
39 54 91 100 100 41 36 48 66 87 
62 16 98 35 24 75 76 88 67 82 
50 73 29 26 64 15 29 65 58 80 
20 73 99 22 72 31 67 54 27 31 
59 99 37 57 84 41 8 4 50 62 
37 59 92 7 91 80 79 98 58 41 
99 13 78 22 89 31 75 14 6 39 
35 38 96 17 82 92 48 81 70 46 
73 59 74 33 49 48 33 1 50 12 
9 99 99 45 36 70 44 25 8 21 
88 61 19 74 51 60 91 15 57 35 
81 85 26 30 3 69 31 61 92 4 
14 97 16 45 34 70 90 46 17 59 
98 11 68 12 83 41 57 13 58 15 
72 39 33 17 76 44 80 55 60 20 
38 78 82 11 28 20 72 30 58 96 
76 94 11 54 63 52 72 13 89 95 
68 28 75 85 91 23 29 76 1 35 
63 26 99 37 35 55 1 51 82 79 
51 50 53 69 58 36 98 34 61 10 
88 75 57 90 79 49 3 18 70 3 
46 33 44 67 66 43 1 3 11 5 
66 100 34 19 75 60 82 2 14 56 
3 38 86 57 69 28 41 3 3 70 
62 97 87 96 63 64 31 23 76 91 
90 29 78 56 85 76 55 65 32 99 
21 19 9 15 38 12 52 56 84 24 
54 92 94 89 56 61 88 27 26 42 
75 70 50 84 57 85 43 79 4 5 
56 37 77 84 91 88 45 4 38 40 
52 42 85 55 62 3 49 44 43 41 
33 31 23 9 23 42 7 86 49 74 
7 91 51 6 13 89 98 82 27 78 
67 88 69 74 46 75 62 4 89 68 
33 15 73 62 43 96 77 35 84 15 
66 81 80 76 59 15 77 87 45 56 
51 62 47 18 11 96 17 20 77 68 
66 99 32 59 8 39 4 21 15 62 
73 43 15 58 18 75 33 88 69 27 
88 82 58 79 45 64 3 13 12 91 
51 66 34 67 70 19 97 79 42 99 
43 52 92 92 83 79 2 90 8 16 
66 39 68 28 79 18 39 87 15 55 
42 71 74 59 46 9 42 53 9 49 
81 80 63 89 15 41 74 47 80 25 
22 49 10 53 21 30 16 26 75 27 
97 27 80 56 16 30 43 88 49 51 
7 17 68 24 8 25 37 78 13 99 
4 85 2 53 15 95 58 1 55 43 
46 4 96 30 92 91 30 8 19 46 
1 3 31 40 91 20 27 84 94 11 
84 89 1 42 51 85 68 15 39 73 
48 23 84 89 76 42 98 51 47 36 
3 61 47 63 58 68 20 48 62 25 
94 8 5 55 51 91 3 80 37 8 
40 100 80 83 5 12 21 25 61 16 
84 23 75 94 72 5 44 100 41 87 
6 17 37 29 54 85 88 88 64 96 
70 89 22 40 35 98 37 15 76 21 
13 50 53 56 22 73 63 79 3 29 
43 41 23 12 48 54 35 33 18 6 
91 79 100 12 93 72 29 86 40 42 
27 48 6 22 37 84 2 66 4 56 
46 64 13 39 48 78 53 79 75 77 
53 33 45 78 57 36 24 12 9 55 
6 43 84 64 85 19 1 10 38 24 
39 28 50 86 96 1 79 94 74 48 
30 92 19 92 28 97 63 12 11 24 
44 22 63 88 86 55 50 25 37 71 
9 56 60 94 77 19 72 46 63 42 
50 45 16 19 22 96 9 23 93 82 
31 9 78 86 46 63 9 20 92 69 
76 98 9 18 48 4 74 41 28 95 
87 64 93 39 43 68 50 32 76 6 
35 9 51 98 58 56 81 74 61 30 
59 46 3 44 8 94 65 73 2 14 
17 31 37 61 19 12 84 65 17 65 
20 72 89 5 31 72 89 52 86 89 
6 59 4 72 86 81 55 80 89 29 
64 61 7 3 19 80 45 29 93 5 
1 94 51 66 27 30 24 86 14 65 
23 14 53 10 6 87 36 96 83 19 
47 16 93 38 1 82 79 7 85 66 
1 73 34 60 52 44 62 31 37 75 
70 67 82 27 56 75 77 4 6 37 
38 32 87 29 60 78 24 1 31 76 
5 12 21 80 69 62 10 1 28 6 
63 14 13 95 12 53 77 37 94 14 
67 98 93 7 57 14 85 16 60 23 
20 76 64 77 32 34 6 29 79 22 
71 6 89 40 70 45 29 24 75 22 
5 25 57 32 55 32 77 82 61 32 
56 77 54 70 82 34 58 7 97 36 
25 47 42 75 87 3 63 16 25 48 
42 13 28 61 82 85 66 22 100 65 
87 98 53 58 69 20 87 80 40 24 
9 96 13 48 1 61 54 22 21 25 
100 52 74 90 69 47 18 89 57 70 
25 63 8 19 42 27 24 4 75 93 
2 96 15 29 56 57 36 20 54 65 
43 35 97 41 92 21 20 46 66 83 
32 68 11 40 71 86 77 4 49 23 
31 30 42 79 91 65 68 81 32 52 
97 89 3 87 70 83 34 74 84 95 
34 84 14 44 32 65 96 75 64 8 
51 69 29 100 51 25 48 35 86 57 
3 61 37 41 78 40 90 54 14 1 
89 88 94 51 24 10 23 96 92 7 
79 59 21 50 19 57 26 63 59 61 
25 81 83 64 2 93 91 91 84 53 
43 18 68 47 61 93 59 25 33 70 
94 53 47 6 81 17 24 35 73 20 
35 68 75 41 79 63 63 26 39 31 
30 46 61 61 32 55 88 1 61 6 
16 67 11 49 32 29 45 3 32 89 
51 17 81 95 19 33 23 71 80 27 
34 33 62 63 96 10 6 21 90 60 
83 97 30 99 82 15 82 67 74 72 
56 82 9 8 13 46 80 52 91 4 
62 24 35 36 53 81 77 69 57 55 
48 58 57 10 10 62 39 16 92 9 
84 4 74 40 26 7 51 79 80 99 
32 63 60 61 35 53 87 59 62 58 
1 32 10 78 91 64 12 13 39 47 
83 78 56 67 48 25 11 81 14 3 
25 38 96 2 23 59 86 80 68 59 
93 86 27 57 36 96 77 16 36 18 
41 44 86 23 87 12 64 11 87 47 
59 32 93 80 33 74 22 76 95 68 
32 19 1 55 14 19 25 17 83 6 
10 70 66 28 90 87 16 16 64 49 
74 3 61 50 38 23 93 63 73 99 
91 61 71 8 86 82 66 59 18 41 
40 90 2 78 41 26 99 51 70 31 
31 47 57 71 37 60 73 93 86 50 
57 85 78 96 77 50 60 71 88 16 
30 91 34 68 49 16 83 10 57 6 
85 89 33 52 99 11 7 15 6 79 
4 45 65 88 83 5 85 96 99 55 
80 35 26 19 80 91 57 70 10 96 
87 37 16 17 19 14 89 77 58 83 
85 93 41 42 30 79 75 79 13 4 
71 8 13 7 58 62 97 32 28 18 
45 21 74 43 5 8 99 32 98 51 
47 79 42 26 98 59 74 2 14 11 
59 40 65 15 87 76 41 88 30 79 
5 62 49 96 33 77 42 98 63 30 
6 28 46 39 1 88 56 98 72 82 
51 24 81 97 8 13 71 70 72 28 
59 28 84 64 100 9 77 3 33 91 
62 84 38 49 78 28 1 85 2 65 
54 54 35 78 69 90 12 76 12 5 
63 15 65 63 58 62 94 24 98 80 
20 59 76 66 21 72 4 1 56 86 
28 38 56 14 69 91 100 53 21 2 
30 58 1 48 22 99 13 42 38 82 
55 76 92 77 5 36 16 19 44 83 
36 34 58 7 26 70 63 40 46 28 
55 17 42 12 67 20 2 21 79 98 
32 70 89 4 65 86 41 14 50 18 
54 42 59 79 80 10 22 31 74 80 
83 48 18 99 19 28 1 10 71 21 
7 1 25 77 80 68 91 42 17 88 
27 63 21 73 79 7 90 78 49 80 
77 53 55 69 31 98 6 29 18 43 
72 38 57 94 72 57 88 51 38 33 
27 46 52 28 37 29 37 15 29 50 
69 57 46 79 94 78 21 44 38 75 
3 82 53 98 85 3 62 8 32 17 
53 2 85 76 21 4 84 73 21 15 
99 32 81 59 22 51 3 29 71 51 
87 86 84 60 97 51 67 27 42 85 
100 40 2 79 2 62 76 72 28 17 
75 15 34 15 18 97 93 32 24 28 
63 49 14 6 24 53 2 10 71 77 
16 81 66 49 68 54 46 76 83 58 
57 75 31 66 61 15 79 91 14 27 
83 56 45 65 34 76 76 12 82 47 
78 75 89 55 8 59 2 79 25 34 
70 88 56 16 25 65 44 4 20 1 
42 8 90 57 91 30 80 43 24 61 
90 25 99 76 40 7 2 19 33 56 
56 97 80 49 25 35 97 24 80 61 
86 100 84 6 7 78 18 2 15 28 
47 13 18 94 38 52 89 33 30 76 
54 47 93 67 1 18 52 61 22 99 
35 76 44 43 1 97 31 8 23 44 
64 17 86 4 51 28 51 15 33 90 
78 83 87 34 62 5 54 46 52 25 
26 89 71 56 7 22 1 86 87 3 
73 16 78 92 53 97 6 20 50 33 
84 56 70 7 85 27 46 76 98 45 
90 49 75 35 55 1 18 65 32 5 
29 63 72 89 33 4 15 48 30 61 
7 50 84 70 3 78 84 94 5 58 
1 7 58 61 59 93 91 87 70 21 
85 9 78 92 40 81 94 98 21 95 
26 1 47 98 60 25 93 4 8 97 
91 60 40 49 63 42 100 67 55 42 
29 37 80 67 81 65 97 23 20 37 
86 59 94 70 48 45 5 31 40 10 
85 58 60 83 94 98 14 11 95 49 
39 46 62 86 71 18 92 84 36 39 
43 61 40 18 89 33 76 3 57 63 
43 55 38 74 89 21 76 18 42 73 
92 82 11 83 98 14 76 79 46 66 
31 37 32 66 65 44 57 22 26 76 
56 25 91 64 69 45 9 96 69 5 
13 20 39 72 72 5 96 59 84 41 
18 46 80 65 74 57 53 5 84 36 
2 96 84 58 4 93 36 95 3 6 
86 84 84 31 84 80 73 93 57 77 
86 81 38 11 66 91 2 57 77 47 
16 29 1 19 48 56 41 13 49 75 
65 61 86 26 66 86 39 5 13 37 
95 30 79 90 8 76 57 23 79 14 
29 25 51 51 77 97 41 90 79 65 
50 34 98 39 73 60 65 83 35 58 
10 74 41 16 43 9 53 14 9 25 
86 16 65 21 94 39 32 27 93 69 
77 48 52 92 23 22 44 64 10 99 
10 66 12 24 96 74 97 69 70 21 
46 65 66 16 16 55 1 68 13 3 
12 83 41 70 84 73 78 56 14 40 
4 28 22 14 41 47 47 44 74 59 
93 29 41 12 71 61 31 48 60 36 
39 2 37 63 8 29 20 85 97 95 
56 35 33 2 57 94 70 96 11 15 
74 87 79 9 24 8 10 7 49 11 
75 5 65 41 16 77 85 10 25 27 
59 58 61 22 90 24 5 2 96 85 
95 10 96 64 100 78 41 94 6 35 
7 89 46 52 24 42 78 62 6 24 
50 76 3 73 97 47 90 11 19 21 
18 67 39 9 29 42 100 88 59 62 
56 20 29 46 80 9 45 90 74 4 
44 44 21 4 15 7 17 32 15 38 
83 4 80 63 68 24 33 26 18 67 
30 64 91 86 86 29 27 100 97 82 
76 97 50 89 33 83 27 94 100 85 
22 86 13 7 26 51 29 64 91 24 
72 43 91 33 43 69 99 50 69 96 
82 24 85 21 73 65 94 56 53 21 
79 20 26 98 93 70 60 69 95 16 
76 27 56 83 12 75 69 66 60 39 
88 50 82 30 4 2 41 88 19 20 
63 68 77 95 88 35 99 21 7 19 
45 56 60 4 4 52 11 71 80 92 
53 89 62 50 44 50 14 14 94 31 
85 51 15 91 70 53 40 93 43 19 
97 35 63 21 26 86 62 78 43 46 
5 31 77 62 64 96 16 70 70 77 
31 89 69 45 79 22 47 63 9 63 
13 49 48 95 62 82 71 26 31 21 
95 46 95 24 80 70 94 19 31 20 
97 69 89 19 49 62 30 92 11 43 
72 21 76 39 63 17 81 59 82 31 
68 4 53 93 42 70 52 48 76 57 
75 74 53 44 51 65 6 77 72 99 
27 23 25 88 46 17 82 83 9 80 
73 74 95 80 77 33 39 13 11 93 
70 4 26 2 53 89 38 82 76 51 
98 86 94 23 71 32 89 18 93 99 
17 66 10 98 89 9 93 20 57 77 
57 8 64 56 7 42 46 48 14 14 
91 72 2 41 36 97 67 84 6 11 
57 40 33 24 61 16 14 43 55 48 
61 59 76 22 74 67 62 65 11 94 
34 18 47 48 54 1 58 79 17 100 
62 28 32 61 26 74 55 23 41 54 
17 15 50 50 2 27 80 19 19 30 
13 46 31 86 44 18 76 100 11 92 
88 2 75 25 24 80 71 17 88 72 
48 61 25 71 29 22 31 34 9 46 
94 31 6 12 85 13 49 51 98 15 
40 17 93 31 10 26 64 40 25 84 
32 58 22 85 14 70 60 48 97 91 
59 58 99 59 65 9 31 72 96 75 
11 34 84 12 4 1 86 14 36 65 
91 3 30 22 42 18 32 51 86 79 
42 19 80 3 43 26 19 55 62 30 
95 30 68 49 44 15 8 20 85 6 
24 31 45 70 15 52 98 20 72 54 
44 7 10 29 81 51 29 28 43 52 
50 64 40 16 43 72 26 25 10 47 
66 10 56 45 88 46 2 51 4 71 
68 94 48 96 27 27 54 48 97 56 
58 36 26 25 65 8 90 92 49 67 
82 27 97 30 13 81 71 14 52 75 
53 2 66 1 62 27 55 18 67 59 
15 48 7 13 27 62 55 19 7 79 
2 52 43 52 29 1 89 66 43 58 
13 73 93 46 45 18 81 75 78 60 
80 16 67 43 18 65 1 22 6 25 
44 58 4 60 98 12 48 65 30 100 
27 99 37 37 12 55 65 69 77 8 
77 89 21 19 37 25 52 47 23 66 
82 42 28 70 32 63 63 66 52 76 
55 39 4 56 11 66 6 24 74 46 
79 46 76 12 6 71 30 18 84 48 
74 38 87 14 79 33 20 34 21 40 
78 18 60 91 36 65 83 41 71 15 
88 92 22 66 15 66 91 42 8 18 
75 91 86 57 69 100 78 20 75 88 
1 26 42 25 1 16 62 66 43 13 
51 58 15 81 2 39 25 94 83 54 
53 85 76 52 94 91 35 29 99 72 
90 53 18 33 20 15 35 34 43 68 
85 55 69 14 80 20 20 46 55 45 
44 79 40 55 11 23 99 53 75 49 
32 67 64 37 21 89 24 58 4 93 
14 54 46 6 51 19 26 49 100 1 
4 78 20 3 1 89 65 32 96 59 
68 96 64 3 46 21 46 5 26 12 
94 90 32 28 17 59 67 28 8 44 
80 6 22 2 53 100 85 61 77 60 
19 28 49 49 59 18 71 36 81 45 
54 33 96 7 63 6 75 29 95 6 
37 81 11 84 82 12 41 51 58 100 
4 70 29 92 87 17 97 62 3 35 
9 42 88 31 26 53 78 1 4 97 
93 98 98 64 90 12 11 61 41 76 
18 38 33 91 93 88 43 16 54 38 
59 28 67 24 67 52 52 12 94 84 
11 18 26 61 76 26 11 53 75 36 
73 99 88 67 12 33 97 12 51 50 
2 17 62 81 66 50 45 65 38 92 
6 99 61 81 30 86 56 85 30 39 
55 14 49 31 7 40 46 90 86 67 
24 10 94 89 20 25 43 41 68 62 
89 6 71 27 78 82 53 52 72 22 
97 42 2 19 33 38 86 19 30 74 
20 54 42 82 9 24 6 57 14 24 
38 31 96 76 48 55 85 72 3 86 
42 61 2 98 25 66 1 66 30 17 
33 43 66 76 17 28 55 36 16 35 
7 24 61 19 22 27 69 35 15 83 
68 65 53 78 53 84 64 51 88 16 
80 39 38 71 44 74 12 81 60 40 
37 41 13 16 74 95 1 72 27 44 
72 16 84 4 13 70 73 67 23 83 
44 71 1 7 50 21 48 23 29 92 
36 16 81 99 53 33 53 75 45 57 
97 52 67 83 39 57 70 23 58 44 
17 6 67 65 43 51 19 66 88 24 
23 63 23 36 96 47 54 22 14 63 
60 68 60 85 21 55 8 82 57 22 
13 78 15 63 47 72 80 21 4 80 
61 88 33 28 58 63 31 83 13 64 
73 63 15 95 23 15 94 97 45 85 
76 56 77 73 92 11 94 57 15 66 
70 57 66 36 13 96 19 91 26 10 
58 39 69 74 39 44 46 48 37 76 
44 19 77 79 67 25 89 9 13 79 
64 47 24 20 76 20 5 39 8 3 
60 41 96 50 40 1 95 81 2 10 
79 17 98 71 23 20 54 22 26 77 
76 48 100 95 35 78 55 23 74 48 
100 47 73 18 60 61 5 60 3 4 
98 8 68 91 47 52 98 68 27 45 
22 21 43 58 73 65 89 6 87 85 
84 93 15 59 58 39 98 25 7 67 
75 99 35 3 7 39 7 9 10 93 
16 65 66 6 14 10 61 55 29 8 
15 87 87 32 46 99 58 88 1 22 
63 21 7 84 68 93 9 32 2 67 
68 81 72 87 6 95 37 44 23 27 
32 48 59 37 91 34 67 67 85 35 
74 11 14 19 35 78 21 76 61 67 
64 18 14 70 92 38 25 86 12 4 
91 27 17 75 65 42 16 59 28 43 
64 94 65 20 94 13 96 60 87 64 
36 47 41 53 46 70 66 58 92 91 
78 85 25 98 45 4 47 43 58 34 
60 59 26 32 61 58 96 43 92 8 
37 71 66 57 37 2 15 28 2 35 
55 67 13 84 85 88 99 3 21 95 
36 60 31 95 88 42 55 69 52 89 
25 73 24 23 83 60 27 83 29 67 
27 33 45 13 3 1 91 56 47 28 
65 82 72 85 1 100 25 30 83 100 
14 6 38 79 27 7 6 97 37 41 
40 97 37 29 35 50 38 96 32 72 
6 72 17 2 88 29 34 44 41 62 
20 16 2 15 47 69 6 32 84 56 
85 39 16 61 45 78 9 42 20 85 
63 59 71 50 73 36 34 80 66 44 
21 57 55 72 95 68 61 17 94 100 
60 36 85 79 18 86 38 93 22 24 
90 51 64 93 34 6 7 23 32 61 
62 68 81 60 80 5 43 49 86 46 
42 93 35 5 63 79 49 22 28 68 
87 92 44 87 31 78 8 5 33 73 
19 13 93 9 7 2 98 94 77 69 
60 48 63 46 29 28 92 84 4 44 
88 37 99 31 26 61 72 82 53 50 
55 46 39 12 42 49 89 91 94 24 
84 58 14 71 20 44 78 33 40 86 
13 80 45 47 80 29 100 5 91 25 
20 25 11 59 24 10 3 41 43 3 
31 59 81 18 87 7 62 82 1 35 
19 65 59 98 20 11 12 37 82 30 
33 83 53 79 31 67 6 75 80 70 
76 23 59 2 49 38 54 48 63 4 
7 15 65 48 3 10 44 24 47 88 
84 73 100 24 52 58 59 63 93 38 
27 78 88 18 4 89 30 41 96 82 
2 86 3 8 69 44 39 36 94 66 
98 65 9 62 50 8 46 60 52 99 
81 56 33 99 32 48 98 61 25 9 
62 13 44 1 94 63 85 41 93 79 
25 49 13 73 27 97 46 11 75 29 
2 50 33 9 51 79 39 97 14 9 
46 8 1 93 24 52 44 55 76 67 
7 33 9 30 32 87 44 82 52 65 
86 87 17 72 47 80 76 11 57 62 
88 58 37 43 80 82 67 99 28 9 
57 34 75 30 79 40 10 56 90 8 
29 22 27 72 28 10 33 23 4 64 
31 6 76 24 41 5 46 13 19 31 
91 44 22 41 100 60 26 95 44 87 
63 68 11 38 82 7 28 12 29 44 
95 13 97 10 69 6 80 4 69 60 
63 86 97 13 57 49 62 24 94 75 
57 89 60 62 56 78 20 89 13 25 
89 40 97 81 62 88 92 57 93 34 
5 24 96 82 33 64 47 22 62 22 
44 21 34 34 65 98 11 88 57 80 
38 70 94 91 67 70 82 26 52 80 
67 88 56 69 41 35 12 63 16 87 
54 22 56 8 19 37 10 95 3 41 
68 94 88 18 52 8 31 2 13 11 
66 12 60 6 63 60 19 71 82 29 
56 74 84 92 49 44 12 58 63 50 
51 57 81 94 2 73 95 93 87 59 
40 24 2 28 30 44 35 83 57 72 
66 68 99 9 51 92 39 82 76 10 
72 79 88 29 61 89 25 1 87 48 
6 76 99 99 44 89 78 65 43 91 
55 13 69 80 81 33 67 39 18 9 
96 52 40 34 83 95 3 38 49 39 
36 46 32 33 32 47 67 46 96 83 
27 85 46 99 79 30 22 94 52 67 
79 57 47 26 21 51 45 45 63 49 
42 46 37 58 1 1 10 13 39 12 
12 68 67 83 93 89 67 14 29 99 
82 25 42 94 70 33 21 13 36 41 
14 94 63 96 40 82 97 90 14 30 
86 14 66 76 35 19 13 47 34 7 
4 98 2 77 38 13 89 15 82 49 
26 64 31 14 8 17 3 32 69 47 
38 47 70 29 14 73 100 19 9 9 
8 50 69 13 10 64 51 77 7 8 
38 3 38 71 43 92 67 6 52 89 
40 8 6 95 52 96 16 45 48 25 
41 20 96 70 6 73 4 84 5 50 
41 55 26 75 56 92 25 56 26 50 
41 89 86 53 52 91 99 8 3 97 
97 79 6 18 31 92 49 77 35 39 
65 37 11 57 86 36 57 13 14 67 
50 34 63 95 47 2 87 70 84 97 
93 33 86 19 3 70 69 27 63 15 
95 91 31 61 100 57 10 40 59 77 
89 83 62 22 66 5 15 79 40 3 
87 66 4 81 11 79 65 73 29 64 
8 65 44 86 50 86 1 32 26 69 
100 7 98 95 59 45 58 17 42 20 
25 9 19 47 98 60 84 49 3 25 
100 22 40 4 31 90 62 56 94 17 
98 52 83 89 10 44 49 99 75 20 
92 77 62 89 21 89 53 68 26 88 
1 73 77 62 15 56 50 41 32 52 
90 69 94 20 84 98 56 72 99 26 
1 13 98 82 62 49 65 28 14 27 
51 3 4 37 6 71 53 73 91 13 
43 73 78 35 69 59 99 13 12 1 
46 39 72 58 15 15 61 8 94 31 
1 97 77 84 47 61 32 46 73 26 
77 96 87 87 90 100 33 23 52 84 
63 26 66 24 8 65 95 8 60 47 
9 79 50 100 31 38 47 22 94 90 
37 28 92 93 77 15 37 88 72 37 
67 46 40 8 66 9 64 51 38 25 
2 76 94 19 49 6 17 45 31 43 
62 72 63 11 48 71 80 20 56 46 
96 17 25 19 20 77 11 49 18 100 
20 19 7 5 44 56 94 80 91 60 
63 97 29 56 45 87 53 92 53 82 
51 74 7 62 41 66 34 72 9 53 
68 76 49 56 60 89 20 17 85 2 
9 37 76 99 58 69 81 11 96 95 
23 37 89 5 34 34 47 89 23 61 
99 72 79 98 2 41 96 1 62 55 
45 76 60 87 49 44 19 7 92 81 
47 43 86 46 71 63 97 91 63 15 
78 85 66 11 79 63 90 86 20 60 
93 65 84 86 22 74 19 79 33 84 
63 39 80 2 95 24 33 71 76 69 
41 96 71 79 98 61 52 91 85 40 
11 22 2 52 36 31 33 98 69 13 
7 93 84 9 42 51 14 3 70 5 
55 82 9 84 7 75 26 31 50 6 
51 61 42 67 44 11 27 96 48 39 
80 92 27 88 32 41 17 42 69 7 
59 39 98 33 8 7 77 33 11 9 
25 43 84 50 64 20 13 99 31 77 
87 65 7 75 42 25 30 77 17 99 
11 69 40 70 77 21 40 61 34 6 
53 86 41 96 28 32 97 8 62 28 
13 13 58 4 42 35 59 51 12 87 
79 46 69 28 48 8 27 7 43 10 
13 13 99 78 74 31 84 77 14 87 
82 41 37 46 66 44 30 82 27 71 
97 73 85 35 21 9 60 81 26 15 
28 62 26 14 78 50 15 5 78 55 
6 77 43 70 19 30 13 37 66 42 
22 16 44 95 93 10 62 58 35 12 
36 8 99 33 14 50 34 70 18 89 
76 100 41 67 18 28 67 46 21 67 
22 58 83 79 3 15 82 59 81 61 
74 14 14 28 37 96 52 20 34 37 
65 45 9 18 84 52 63 15 85 70 
93 55 87 47 7 99 80 3 68 46 
37 89 25 39 61 29 4 37 73 72 
83 39 58 71 29 7 75 65 61 70 
81 89 61 7 80 88 70 33 84 76 
23 15 39 39 92 65 3 68 22 9 
96 42 36 69 43 80 60 17 76 84 
9 98 34 44 21 32 98 13 19 49 
16 34 72 34 34 90 10 39 89 28 
25 60 17 99 6 35 45 68 51 75 
45 83 38 70 22 40 29 54 64 18 
11 70 78 97 1 23 98 30 24 35 
11 83 27 39 69 46 45 68 52 50 
16 44 14 61 81 70 47 46 22 98 
79 48 34 4 59 72 24 42 84 59 
9 77 41 95 71 68 19 63 13 93 
100 96 73 14 42 3 42 96 30 85 
23 10 66 77 51 48 11 76 75 87 
63 17 18 2 90 37 74 80 4 71 
1 17 53 72 65 100 73 35 40 17 
56 67 79 67 57 36 75 89 2 57 
56 63 28 65 15 58 32 5 86 40 
3 29 18 1 3 43 56 37 36 4 
72 96 67 98 40 22 41 62 58 41 
43 79 7 48 10 66 79 44 10 22 
25 66 89 53 35 12 37 80 26 99 
22 99 34 43 88 84 61 57 53 65 
63 57 52 46 30 55 73 65 3 52 
87 66 17 43 77 31 41 19 45 73 
96 29 20 53 30 98 83 25 43 10 
54 20 99 39 3 81 50 77 46 61 
11 40 5 11 40 48 39 36 20 6 
50 52 96 63 33 87 27 54 87 43 
56 95 19 35 54 83 78 25 64 60 
80 74 7 57 18 58 41 87 76 43 
32 15 43 54 44 81 45 20 89 94 
78 92 6 34 72 7 19 56 95 10 
27 93 76 68 70 1 39 91 84 14 
55 12 4 97 85 75 3 59 69 89 
42 23 83 69 68 57 66 7 19 55 
23 44 35 57 61 64 100 84 68 41 
54 19 52 15 88 10 100 86 37 41 
44 81 68 17 53 50 17 38 4 63 
42 63 51 74 92 38 19 48 83 65 
25 45 45 88 64 9 86 70 5 1 
14 43 23 15 24 7 86 27 84 63 
19 87 63 85 25 10 26 10 79 94 
49 57 66 71 19 20 6 77 20 94 
66 54 58 25 93 2 17 49 76 15 
54 42 6 84 75 20 34 66 29 19 
100 98 82 91 11 71 71 26 63 12 
79 86 87 34 22 47 63 35 4 68 
37 12 40 78 77 9 65 21 94 86 
6 55 23 55 16 12 44 45 85 60 
50 12 26 41 14 76 32 41 3 28 
21 24 75 40 99 58 45 14 35 35 
96 72 48 56 55 85 85 28 32 64 
5 89 32 67 10 84 22 58 30 87 
64 76 91 28 19 75 65 32 81 84 
34 91 70 26 54 64 36 4 37 82 
65 78 15 20 56 12 95 54 71 94 
59 25 63 96 63 17 69 19 48 19 
90 58 77 65 15 46 42 50 35 4 
6 94 65 81 7 11 94 80 52 48 
48 5 63 27 22 26 1 70 85 94 
75 7 11 60 74 80 78 37 100 57 
16 98 66 17 66 73 18 37 99 98 
58 53 79 83 38 33 1 84 52 4 
43 50 2 11 88 90 98 52 77 98 
22 3 45 9 73 62 58 88 19 2 
10 50 9 90 14 4 25 67 7 69 
77 50 98 29 86 65 26 45 61 10 
46 32 93 43 64 54 49 38 62 92 
58 34 83 36 100 90 94 67 22 66 
12 54 7 49 52 51 49 28 92 40 
34 62 86 50 50 65 65 27 8 17 
62 6 91 89 19 37 60 82 44 25 
31 68 57 6 56 40 31 6 33 32 
31 3 77 87 93 85 8 12 11 34 
58 98 66 26 66 95 14 35 5 21 
78 74 75 30 85 89 14 24 17 4 
73 77 54 35 96 25 79 33 39 78 
66 14 8 66 82 32 39 44 99 77 
86 24 13 2 50 77 96 11 49 56 
84 6 64 35 50 38 73 1 76 49 
83 94 91 16 6 44 14 55 15 72 
30 100 32 94 64 48 96 75 55 93 
82 21 5 96 69 10 78 2 89 15 
44 79 64 100 17 15 16 73 34 48 
96 47 35 18 22 48 53 58 5 25 
74 86 85 31 1 77 85 58 10 15 
31 2 95 41 14 24 48 35 25 56 
61 47 12 37 71 42 86 42 79 98 
98 100 11 10 78 13 54 83 77 11 
87 87 20 55 24 96 90 70 5 64 
22 34 73 88 78 94 54 12 66 3 
54 89 90 30 41 38 24 67 73 44 
18 73 44 84 32 33 21 24 63 34 
32 19 22 98 80 27 50 58 31 1 
78 95 33 78 64 5 73 52 8 66 
77 65 26 44 61 38 54 73 64 72 
13 8 87 91 55 49 23 55 81 33 
74 84 11 91 70 31 98 11 13 6 
17 22 28 34 79 97 99 11 11 70 
75 26 16 40 20 24 42 14 39 65 
17 35 83 49 57 3 23 14 47 26 
20 44 17 42 13 14 28 14 25 89 
79 49 24 40 52 58 75 46 14 22 
86 69 8 100 4 32 24 34 73 8 
16 21 35 24 1 6 4 31 66 20 
12 79 50 30 24 99 29 6 7 90 
33 60 65 67 80 89 34 78 3 69 
88 57 99 7 41 20 64 36 100 83 
11 95 51 29 47 20 11 42 20 56 
8 19 28 93 84 62 95 72 27 86 
3 71 80 76 18 38 59 59 36 81 
10 67 100 72 47 56 94 43 1 55 
15 60 87 45 34 41 7 84 72 78 
62 72 35 5 85 82 55 9 48 42 
86 96 51 6 34 17 31 7 69 64 
18 32 92 7 83 49 73 83 5 95 
24 32 20 77 24 6 63 4 44 67 
84 52 57 86 37 50 40 31 91 58 
82 35 62 58 98 83 69 38 74 87 
68 27 37 24 32 83 74 31 82 27 
24 66 44 85 90 94 13 81 38 15 
100 65 21 87 25 61 97 21 76 12 
100 86 23 34 49 99 14 76 93 31 
22 26 72 17 63 89 5 57 43 84 
64 71 73 41 32 12 79 80 86 42 
92 19 33 36 89 14 58 30 87 20 
84 3 2 56 10 60 58 64 58 6 
7 43 2 92 95 37 16 19 19 1 
19 20 58 16 22 92 99 85 54 75 
38 30 48 54 4 60 51 67 68 63 
56 31 69 69 41 31 77 1 52 36 
83 70 54 12 13 2 14 91 74 45 
20 48 68 49 100 1 38 23 68 57 
97 57 55 76 21 79 55 94 87 46 
42 86 17 12 9 99 54 49 26 12 
96 50 52 79 56 28 93 84 17 37 
24 68 14 19 9 42 22 50 90 47 
38 35 95 26 26 30 82 39 92 14 
30 3 74 26 59 70 35 12 51 69 
30 17 55 59 54 4 8 68 14 71 
9 53 69 76 7 79 62 26 4 97 
15 12 85 18 100 39 63 88 84 71 
77 95 67 36 21 94 10 88 52 48 
11 81 40 51 37 57 93 2 53 70 
20 74 8 79 96 26 54 74 6 16 
67 48 60 84 45 51 70 5 25 87 
43 87 91 83 51 71 77 55 86 94 
19 11 76 52 14 87 91 46 56 47 
39 44 97 47 52 85 84 44 7 12 
3 9 79 7 44 64 51 68 9 1 
98 76 32 49 94 17 70 53 49 72 
2 22 10 54 45 89 45 73 83 71 
10 3 1 35 88 24 79 37 46 53 
86 35 16 31 100 19 24 32 83 92 
91 56 63 38 63 56 31 93 26 52 
4 62 57 58 55 44 68 17 44 82 
2 44 31 2 77 4 7 55 52 80 
58 76 61 23 9 32 6 9 96 7 
39 99 94 31 47 70 63 65 37 55 
35 18 62 68 57 69 56 63 80 67 
89 15 42 30 90 20 42 4 59 1 
64 88 98 2 64 91 72 33 7 20 
79 77 84 11 86 72 39 68 86 67 
1 32 51 48 59 33 83 80 64 38 
63 12 37 30 21 12 36 26 61 16 
47 99 72 91 39 79 86 42 69 51 
51 56 96 70 31 10 61 61 32 51 
1 73 65 37 33 23 80 30 4 67 
92 51 34 14 66 3 12 27 78 37 
92 51 95 91 39 20 11 71 78 30 
84 48 58 35 29 82 96 23 61 3 
33 36 90 14 52 47 5 71 22 18 
83 9 91 23 25 60 52 99 13 94 
63 37 60 11 31 38 7 34 49 56 
66 56 84 71 12 18 94 80 39 55 
11 94 51 18 75 35 70 98 88 67 
87 59 58 37 72 49 100 79 95 49 
36 16 63 85 59 89 85 81 91 48 
29 80 49 65 36 16 19 48 69 61 
71 32 51 65 6 38 67 26 41 41 
49 63 38 26 21 40 75 34 93 96 
87 99 50 89 62 4 21 67 32 33 
39 14 97 46 5 30 60 76 6 41 
98 82 78 16 94 75 64 68 60 81 
32 48 35 18 80 15 60 71 74 59 
97 26 64 89 94 40 39 61 63 40 
56 59 30 84 56 4 77 42 32 83 
37 19 99 15 50 44 36 1 20 26 
35 32 42 43 99 37 57 27 46 42 
60 49 42 59 95 8 57 51 38 95 
72 65 72 9 44 67 13 21 10 32 
82 80 45 62 68 57 25 3 96 15 
3 81 38 24 96 6 60 82 8 1 
13 74 17 27 44 20 73 58 83 90 
81 56 50 82 94 53 74 39 94 14 
30 88 60 70 49 51 70 95 32 53 
73 74 27 91 99 5 12 15 1 74 
45 97 86 32 96 96 64 33 68 25 
74 67 14 22 7 21 6 60 3 43 
76 95 89 51 71 67 97 22 38 48 
7 89 10 12 28 61 32 18 62 18 
47 35 8 93 22 52 87 2 64 18 
84 73 13 30 94 30 86 37 36 38 
84 5 6 9 26 55 28 38 21 19 
64 21 10 30 96 65 92 67 45 37 
67 6 88 46 81 63 70 40 7 10 
47 3 11 12 43 84 38 28 70 55 
73 49 70 32 62 53 60 31 37 71 
75 94 8 19 100 18 29 50 95 45 
6 13 96 94 23 53 71 52 17 17 
34 53 62 46 16 44 42 12 78 2 
69 64 50 49 59 13 56 63 21 66 
83 45 76 62 20 33 60 86 15 64 
52 49 87 80 38 67 51 49 71 20 
34 2 36 93 43 51 50 72 40 24 
9 92 41 29 37 17 22 64 94 9 
42 23 14 49 46 15 11 75 6 80 
16 100 62 36 70 23 33 22 72 88 
75 59 76 76 38 55 27 10 40 62 
81 55 76 11 87 68 6 31 78 48 
52 19 93 52 92 96 55 70 72 95 
38 22 86 72 12 18 100 52 100 2 
55 64 57 72 89 43 60 74 96 27 
24 36 79 8 19 1 92 65 3 58 
56 50 54 34 52 65 88 90 41 93 
32 16 46 82 42 68 65 31 44 83 
28 100 47 44 70 81 65 37 68 47 
93 51 81 24 52 78 30 27 11 59 
43 76 78 9 63 14 83 14 36 2 
92 75 53 90 95 72 98 31 60 94 
46 79 31 88 92 19 2 36 76 40 
54 18 64 55 58 51 55 15 66 48 
59 22 3 47 96 7 50 15 21 3 
75 80 26 1 7 58 11 56 55 59 
13 4 54 7 79 52 41 16 81 63 
57 96 60 6 29 42 89 98 15 39 
1 91 34 81 13 24 95 69 80 8 
20 31 26 10 57 86 80 25 86 7 
43 54 70 26 17 42 51 81 52 69 
30 42 53 93 90 71 19 33 73 13 
10 65 19 13 43 15 72 18 48 80 
5 61 78 41 59 100 97 66 32 47 
4 12 14 13 40 16 82 5 92 23 
6 77 57 21 60 7 31 46 11 41 
49 79 83 73 69 16 29 28 4 38 
73 92 85 56 53 79 96 55 11 56 
19 75 2 34 49 54 2 39 52 56 
74 93 61 85 99 11 61 30 44 84 
23 14 89 4 61 77 45 70 25 12 
80 34 53 68 5 60 95 34 45 9 
7 68 73 91 47 17 70 55 38 99 
84 29 64 78 56 11 14 26 59 100 
97 41 77 17 10 67 35 43 85 47 
45 76 59 15 63 2 79 41 39 6 
15 64 53 82 69 70 79 82 44 52 
56 14 70 32 67 49 1 71 12 51 
93 27 23 8 42 16 70 28 57 56 
3 39 1 81 82 14 60 74 9 40 
53 74 34 32 46 72 53 88 31 61 
75 27 46 56 75 1 84 100 81 31 
73 77 65 62 48 37 9 28 95 90 
43 42 19 72 38 29 15 49 20 100 
19 29 22 40 52 72 92 27 98 23 
27 48 79 26 69 83 91 93 17 13 
82 30 84 58 18 76 68 59 80 18 
51 44 2 90 11 74 19 2 34 47 
44 20 73 39 32 38 96 79 83 36 
61 93 27 99 25 14 52 55 87 44 
61 85 6 29 8 40 32 13 43 93 
58 52 90 55 28 43 59 97 5 5 
52 79 30 87 59 91 76 50 34 68 
13 37 43 37 38 41 49 96 31 68 
65 83 95 23 39 73 22 29 100 47 
49 78 97 57 57 29 91 67 52 20 
63 68 25 41 52 30 19 90 100 10 
5 53 43 7 85 66 100 66 60 49 
59 100 95 48 87 67 40 33 89 63 
70 82 49 14 26 82 10 44 47 52 
38 89 59 42 83 89 73 7 25 69 
94 83 44 96 7 29 30 24 100 28 
43 72 72 63 65 79 22 62 87 87 
72 53 22 85 75 44 44 33 91 37 
85 10 56 15 59 10 34 36 81 41 
61 94 84 96 10 11 67 66 83 54 
21 15 98 3 33 36 97 46 94 42 
65 93 77 39 78 4 37 44 67 14 
97 81 59 94 72 40 47 87 78 93 
50 38 87 52 52 1 43 23 79 10 
54 98 13 38 61 17 59 20 68 74 
46 81 14 89 10 41 64 69 79 86 
47 4 55 66 86 26 86 99 11 88 
44 78 30 88 47 4 76 74 25 21 
38 78 88 31 79 37 41 31 98 45 
15 40 62 72 42 13 76 5 89 98 
54 19 8 39 31 72 82 51 87 38 
90 75 90 41 17 8 1 52 50 20 
28 98 86 18 6 13 51 40 87 49 
84 37 88 23 62 81 94 50 62 16 
13 72 4 60 52 71 56 30 99 18 
35 80 9 66 61 98 100 54 6 7 
17 10 83 24 93 45 36 39 70 98 
12 10 35 93 45 62 5 76 89 27 
43 40 18 86 85 59 27 26 43 59 
11 54 8 4 43 4 8 69 4 42 
83 56 67 53 93 45 66 83 39 36 
65 50 6 50 9 84 80 11 100 18 
100 93 10 9 23 24 4 67 1 97 
11 50 49 100 96 85 43 42 80 4 
72 23 75 88 91 67 97 40 90 4 
93 76 71 32 82 23 23 28 84 11 
2 80 22 23 61 19 38 31 64 39 
29 76 42 10 95 67 8 44 67 14 
36 61 85 74 12 11 29 69 22 21 
85 72 21 64 19 65 41 95 77 54 
97 2 26 38 79 79 74 85 18 36 
25 40 52 69 52 39 54 7 33 3 
85 7 19 68 42 45 71 75 7 73 
86 70 45 67 62 57 82 19 35 14 
85 84 32 96 48 2 3 44 97 99 
52 68 41 87 5 65 31 92 74 23 
98 69 16 52 21 47 23 58 24 91 
55 32 52 43 79 3 47 71 94 20 
23 4 52 58 49 23 3 50 78 73 
31 43 26 7 100 27 25 62 48 1 
95 97 25 1 56 50 76 9 65 55 
56 67 22 53 2 31 89 60 54 80 
11 91 76 51 31 20 36 23 92 3 
88 61 85 46 53 40 32 52 66 98 
94 72 33 37 43 27 90 48 89 55 
53 34 76 90 88 21 61 2 19 72 
84 26 45 68 64 71 48 13 57 30 
77 93 86 89 45 2 9 5 16 17 
73 2 89 52 11 67 78 87 61 98 
71 47 90 17 77 72 74 66 85 65 
19 63 88 20 2 62 65 23 97 52 
32 5 30 47 65 54 68 42 88 14 
77 89 24 3 49 61 22 46 86 9 
65 7 41 60 28 29 33 3 13 23 
99 76 45 66 10 68 33 73 37 46 
8 90 83 89 75 60 47 36 90 46 
44 94 7 67 16 13 94 12 18 8 
60 83 26 28 21 6 59 99 6 3 
19 68 91 79 6 27 67 95 44 90 
90 63 13 31 68 78 72 73 8 55 
71 85 62 34 71 28 7 10 52 94 
91 11 45 51 10 44 42 24 52 63 
58 42 46 38 7 74 11 30 61 16 
83 8 96 46 43 68 90 57 94 73 
29 51 53 66 53 28 91 55 3 34 
87 36 31 65 18 7 100 73 44 82 
6 7 27 88 23 19 21 1 46 3 
60 97 42 1 35 34 100 34 51 94 
69 71 47 62 28 10 14 26 23 79 
60 99 19 2 72 83 25 56 57 5 
89 65 39 12 28 91 69 98 46 54 
58 86 17 73 29 58 20 22 45 7 
28 35 98 83 14 76 70 57 15 1 
81 41 24 47 84 79 5 51 44 14 
2 27 87 10 38 46 36 7 96 65 
73 49 87 39 2 16 1 69 29 21 
16 42 68 4 37 94 51 2 71 80 
15 79 25 50 24 20 64 73 24 93 
96 2 9 25 76 14 5 97 76 59 
60 45 8 87 43 79 100 70 76 52 
21 82 11 67 62 63 36 74 63 69 
50 49 95 17 56 59 39 60 99 91 
37 51 17 43 11 72 1 56 21 18 
67 3 51 24 91 24 38 69 54 57 
83 88 33 30 98 79 39 19 57 72 
98 16 42 48 90 8 81 85 82 57 
47 99 8 77 57 32 55 86 5 92 
24 100 88 93 50 60 24 95 91 89 
45 28 37 11 7 47 49 47 98 83 
83 66 95 100 3 15 47 25 88 56 
27 33 8 33 35 39 56 95 75 14 
14 60 27 55 41 24 90 3 96 34 
71 68 63 73 97 2 95 93 10 7 
66 58 27 80 79 94 74 40 52 68 
73 60 21 65 67 97 48 84 1 9 
4 7 35 49 91 32 8 28 46 14 
44 34 47 92 18 44 81 76 23 7 
1 38 90 16 24 64 41 30 5 94 
16 28 21 39 46 90 30 14 45 83 
86 7 51 70 77 66 59 97 58 67 
89 60 47 93 55 3 15 17 61 70 
5 22 21 58 63 93 92 12 21 39 
32 59 80 92 26 19 28 41 75 77 
46 83 24 87 59 33 44 48 2 35 
88 25 7 88 78 7 22 3 57 37 
51 56 16 27 45 49 61 41 39 88 
66 93 69 51 80 84 48 63 33 36 
68 7 44 55 92 65 59 76 2 47 
13 67 68 28 6 67 59 62 68 52 
6 20 72 7 67 84 38 55 62 38 
13 26 15 33 75 100 59 72 89 4 
90 42 97 12 81 43 29 8 19 70 
44 64 74 71 32 67 11 46 96 63 
74 31 61 78 89 13 4 36 92 85 
40 68 92 24 67 77 65 66 51 22 
45 22 55 93 14 71 54 92 15 57 
32 18 79 76 49 10 24 79 31 55 
88 41 52 68 47 61 77 3 84 7 
5 20 57 22 79 19 14 55 68 51 
77 64 21 51 90 47 84 60 66 86 
37 97 34 87 8 19 74 44 90 37 
87 68 26 58 55 90 51 58 55 56 
44 60 11 17 71 39 42 23 31 64 
92 47 20 27 11 59 77 2 86 10 
50 50 14 61 100 53 90 94 71 87 
93 17 42 25 23 90 82 4 48 17 
13 27 31 10 94 11 46 37 55 32 
88 3 65 48 19 16 28 33 80 37 
79 80 78 98 36 73 14 40 98 59 
67 48 47 20 21 7 17 30 28 66 
85 13 42 59 24 89 69 95 25 13 
79 56 67 58 96 79 8 14 40 62 
56 96 7 48 97 84 18 81 35 96 
31 33 28 11 69 66 85 63 37 49 
69 66 13 99 32 37 67 45 15 44 
85 46 19 55 61 89 26 71 92 81 
3 66 62 34 51 95 13 27 2 49 
45 59 77 7 20 30 48 90 86 71 
44 28 1 6 46 48 12 75 20 24 
78 40 10 82 46 18 27 68 98 83 
14 98 41 52 96 17 85 44 81 59 
29 45 76 22 60 87 19 92 77 23 
84 11 16 67 58 93 89 52 40 47 
43 82 77 56 63 24 20 87 64 98 
50 41 77 19 79 37 10 33 78 17 
23 41 93 85 77 33 77 84 51 72 
6 95 74 68 11 90 14 75 6 10 
17 44 39 69 21 30 28 29 75 63 
29 92 22 51 41 2 55 64 33 21 
11 10 68 93 34 52 41 64 99 85 
37 81 52 46 37 97 82 77 48 83 
18 51 29 45 23 31 97 13 32 65 
4 94 69 95 26 32 46 39 33 78 
40 39 74 89 29 27 10 63 11 68 
34 79 76 27 55 21 5 8 32 31 
2 24 73 45 38 50 10 70 40 93 
57 35 41 60 1 38 60 65 12 85 
12 92 36 92 54 96 18 26 25 98 
27 39 31 89 36 44 53 31 86 71 
2 70 24 49 32 1 9 2 29 70 
29 37 26 28 84 35 22 77 22 30 
70 10 6 53 68 60 6 13 46 90 
51 68 9 70 46 99 84 5 91 48 
55 3 47 65 100 12 18 87 5 64 
55 27 56 14 64 19 1 76 53 54 
22 24 60 97 81 12 91 93 70 12 
3 94 84 76 77 79 87 36 67 49 
51 95 81 63 4 45 14 42 46 58 
47 45 45 40 98 53 14 61 35 95 
68 90 40 57 14 48 76 82 82 29 
23 44 88 7 52 36 37 64 12 89 
99 90 3 24 53 11 89 16 40 9 
79 69 58 63 47 16 42 48 2 29 
33 38 66 5 76 100 33 40 64 53 
25 90 15 15 9 22 100 95 24 75 
3 12 61 15 3 4 76 11 12 4 
97 26 81 55 47 36 95 10 2 53 
40 31 22 77 4 23 61 75 46 10 
56 78 31 49 63 30 35 32 26 79 
28 84 59 96 45 25 7 23 21 72 
1 61 2 30 95 27 85 36 35 18 
74 43 49 16 55 10 96 80 19 88 
42 4 62 96 46 7 22 95 1 85 
85 91 61 14 92 10 63 79 29 3 
71 37 92 39 46 18 45 13 100 22 
66 38 100 13 82 23 9 90 71 61 
75 88 37 31 86 38 57 84 55 66 
17 40 82 35 29 21 100 31 19 63 
35 36 80 68 75 87 76 78 68 43 
96 99 90 12 71 16 9 64 14 75 
79 60 2 6 79 36 52 25 99 12 
79 39 46 86 66 66 72 21 92 25 
72 13 34 94 41 14 20 25 8 20 
69 24 10 40 58 71 26 100 90 91 
30 56 87 2 39 20 99 26 35 92 
30 8 71 12 37 53 38 50 65 75 
41 93 98 57 21 34 42 77 7 54 
62 96 90 92 40 1 28 27 20 54 
51 75 45 42 59 72 95 56 58 59 
48 99 91 89 100 32 44 11 30 49 
74 60 76 95 51 91 2 90 96 37 
32 89 61 75 55 77 18 65 22 64 
96 14 58 14 26 39 59 44 94 55 
62 22 55 81 33 20 8 78 33 1 
47 39 88 35 89 100 98 59 10 87 
22 47 53 70 27 47 30 23 52 74 
100 97 21 46 95 37 36 35 22 25 
21 84 89 34 66 41 90 4 19 16 
54 42 70 19 37 99 87 40 3 9 
6 33 45 26 25 63 56 64 74 21 
25 15 6 69 74 100 89 54 73 78 
94 2 83 34 26 60 52 55 45 7 
1 57 25 9 6 49 85 58 4 18 
2 5 4 84 80 33 43 59 87 78 
25 36 55 51 83 71 63 60 45 71 
75 26 77 91 58 2 51 95 80 43 
98 20 32 43 28 77 2 32 66 33 
92 34 79 74 58 53 72 29 20 93 
100 66 56 41 2 75 73 17 40 51 
28 61 18 96 1 8 89 98 98 14 
5 68 44 96 23 77 63 30 56 16 
77 95 75 45 95 46 88 61 89 41 
84 58 83 14 53 71 76 35 22 46 
82 30 95 58 16 66 1 65 2 82 
77 96 15 100 4 91 2 59 31 1 
14 82 16 79 94 60 65 93 90 52 
16 21 8 97 16 53 100 80 8 25 
95 3 86 82 74 10 28 38 75 1 
71 71 24 92 3 23 1 12 76 26 
70 47 46 16 50 31 37 39 6 100 
77 22 25 35 51 20 56 20 90 66 
11 68 64 7 20 100 79 65 80 69 
68 62 88 45 25 11 37 64 32 66 
4 100 15 71 62 23 57 47 99 10 
27 28 74 84 19 17 58 69 17 90 
75 69 15 46 77 41 45 9 53 100 
83 17 46 63 79 77 4 91 78 91 
7 5 11 43 16 64 2 85 60 83 
76 46 86 26 80 92 32 19 58 87 
70 42 100 83 79 90 37 59 76 63 
52 49 67 100 77 44 85 65 3 67 
20 55 90 84 41 25 32 45 58 56 
99 68 36 51 89 10 15 24 33 42 
27 26 58 47 91 43 78 15 69 75 
73 28 6 44 16 92 20 14 37 86 
90 46 77 81 35 51 17 57 23 65 
46 57 87 25 60 82 24 50 58 91 
28 54 16 2 77 58 33 15 66 49 
25 33 60 99 83 21 6 90 28 44 
82 29 76 81 41 96 10 19 17 78 
100 72 73 14 9 74 49 25 14 77 
57 89 18 40 41 87 50 13 63 63 
31 34 57 68 5 49 97 39 8 16 
99 54 5 4 66 98 18 61 71 38 
83 37 99 83 90 93 77 85 78 16 
68 35 60 21 79 55 51 6 71 78 
71 63 41 82 36 100 33 47 13 21 
90 8 35 96 81 75 32 42 58 84 
35 79 47 74 65 8 64 25 27 79 
70 4 1 14 11 71 95 10 40 13 
100 63 43 67 67 33 24 89 64 93 
66 43 40 58 18 92 41 15 73 19 
88 89 44 70 40 35 6 100 64 54 
21 76 21 88 25 16 59 49 14 28 
95 32 69 39 41 100 58 89 56 2 
5 4 55 72 84 52 91 20 33 97 
83 11 97 75 63 26 97 58 15 43 
92 18 59 53 38 94 36 65 91 100 
42 29 9 36 68 19 33 66 42 39 
45 79 97 38 80 31 95 3 5 1 
94 36 30 49 90 26 17 27 3 70 
45 62 91 88 40 47 42 46 52 15 
65 19 69 100 22 66 6 61 99 61 
48 33 80 79 4 29 87 66 51 30 
55 39 96 75 32 59 67 25 98 42 
98 76 96 71 37 50 90 100 27 30 
44 50 59 19 75 69 65 20 29 92 
83 40 99 47 80 67 35 54 60 67 
12 7 53 69 60 37 58 8 76 40 
19 65 99 76 68 74 53 33 7 37 
3 90 61 60 56 83 33 81 6 73 
26 92 83 100 10 26 60 60 87 87 
29 44 93 40 19 73 67 46 94 88 
8 95 82 7 38 42 50 74 15 7 
36 100 38 97 68 46 77 31 76 71 
13 18 57 75 43 24 8 32 55 84 
92 6 58 55 19 59 10 19 100 52 
41 63 49 60 94 44 31 36 22 59 
20 24 59 13 51 91 27 13 34 96 
68 75 36 50 79 16 11 61 83 85 
79 31 13 5 65 75 38 47 19 99 
89 7 52 82 9 4 20 8 91 7 
57 75 95 47 53 92 92 64 25 87 
40 38 87 60 53 71 97 26 97 14 
49 62 9 99 56 33 72 20 71 15 
25 30 90 12 55 100 25 21 90 21 
24 80 70 26 75 50 34 99 15 49 
87 3 17 26 88 35 68 37 44 60 
77 64 22 5 48 27 16 11 13 45 
71 36 71 56 3 27 100 35 20 35 
13 64 33 40 74 42 72 34 69 58 
19 8 74 94 11 53 38 67 95 55 
81 39 64 37 47 63 75 23 74 31 
87 4 14 76 10 96 13 43 51 6 
90 76 95 33 13 6 74 58 98 30 
27 44 68 79 9 24 53 5 12 25 
28 3 35 5 90 91 90 15 45 32 
95 9 11 87 84 38 64 55 79 47 
11 83 21 58 95 78 9 20 34 70 
89 46 3 26 40 29 37 87 26 70 
16 74 70 64 92 31 17 35 20 45 
20 62 18 70 40 74 82 4 6 15 
92 26 19 1 26 37 78 55 39 78 
78 100 60 89 82 26 37 60 86 84 
36 54 16 9 17 15 17 83 20 92 
71 15 73 93 28 22 83 48 89 8 
1 85 16 45 17 12 64 73 87 26 
60 2 94 75 83 25 18 98 39 22 
2 59 63 36 80 87 36 77 64 50 
80 52 14 13 6 94 20 87 36 11 
64 65 18 72 91 47 60 14 51 91 
26 77 7 100 72 16 81 24 85 78 
5 67 57 59 1 12 84 41 37 91 
98 85 18 13 4 86 98 99 65 51 
10 66 71 70 92 24 60 93 33 8 
46 66 19 64 30 20 36 16 61 64 
56 92 13 2 48 90 19 48 40 50 
40 14 2 55 21 100 81 3 40 20 
18 83 16 24 2 45 37 80 87 11 
49 79 16 77 63 76 14 44 55 87 
25 38 30 13 56 34 92 72 26 27 
16 49 74 54 1 13 42 49 12 3 
92 71 45 52 14 19 95 29 68 44 
90 42 100 31 20 64 50 75 41 33 
2 99 88 48 63 75 29 56 46 61 
4 29 64 27 40 21 33 65 80 46 
50 92 83 62 90 90 76 17 17 86 
44 95 82 21 92 81 95 27 98 9 
79 96 49 94 72 10 79 25 90 19 
48 23 25 85 91 69 55 90 15 55 
94 63 80 74 49 21 96 67 53 91 
27 16 4 62 91 1 95 86 57 45 
37 91 45 32 43 40 64 45 22 12 
73 5 100 51 13 99 20 80 20 35 
38 53 57 97 58 89 58 67 56 34 
22 4 1 70 80 40 2 71 21 13 
92 36 1 44 75 12 39 36 79 86 
28 9 92 34 34 33 57 82 30 84 
37 82 95 26 24 3 9 68 77 79 
87 22 73 53 17 36 31 39 23 60 
58 50 35 16 53 39 78 27 93 60 
18 91 74 57 99 47 39 32 32 76 
92 57 53 54 88 32 64 72 28 84 
9 16 80 44 39 42 55 6 24 96 
25 1 44 6 61 21 27 63 45 57 
5 88 20 75 68 31 94 4 1 9 
7 56 100 74 57 57 70 69 20 73 
32 82 38 73 54 95 8 61 46 95 
68 7 44 20 27 19 43 69 7 1 
34 84 30 25 92 1 43 57 9 34 
19 98 43 63 67 37 66 19 9 85 
48 54 21 5 97 67 83 39 38 6 
58 64 85 38 11 5 61 5 36 91 
77 28 92 79 100 2 21 64 26 82 
42 69 46 85 55 44 27 6 82 41 
66 96 72 53 99 94 81 30 48 39 
1 80 40 45 8 6 31 80 88 43 
11 24 94 57 95 43 11 16 36 73 
10 15 70 10 20 19 93 91 40 17 
61 57 29 47 91 83 21 29 97 92 
75 46 42 84 73 57 28 64 45 48 
62 28 38 43 75 61 96 55 81 100 
16 27 7 54 73 57 50 99 33 98 
30 46 95 72 69 19 36 97 12 56 
64 40 79 58 59 36 60 99 65 24 
60 74 90 94 18 59 21 21 20 5 
87 71 64 62 84 21 12 61 1 25 
59 87 57 65 45 20 47 53 5 54 
6 35 10 25 76 76 31 86 32 80 
43 25 66 3 1 69 46 87 41 10 
82 61 30 98 56 11 25 74 15 76 
63 74 37 4 2 64 48 56 21 6 
35 34 42 90 97 77 93 22 4 67 
51 9 9 17 68 56 40 33 51 100 
32 24 97 41 63 86 82 85 85 73 
96 95 18 9 100 45 17 3 83 1 
74 59 66 87 16 37 82 42 58 76 
55 90 53 40 4 37 16 73 45 74 
23 5 37 13 40 44 15 50 91 80 
23 38 82 23 5 100 18 73 71 26 
54 23 57 67 18 98 91 9 23 86 
10 32 94 23 95 25 30 13 5 81 
16 44 26 18 10 10 90 48 4 89 
92 10 71 23 97 36 75 85 47 54 
17 4 59 34 54 2 95 90 11 56 
3 34 67 11 99 60 94 93 15 15 
12 82 12 86 78 63 43 77 8 25 
66 58 53 80 98 86 44 16 88 25 
69 50 58 28 67 64 71 81 40 23 
1 52 84 30 11 44 51 48 38 86 
38 34 67 83 4 78 68 58 6 64 
15 72 22 11 60 56 59 53 49 91 
94 17 28 40 2 38 70 42 85 29 
28 22 52 52 11 77 86 73 81 43 
78 38 18 33 6 46 42 86 20 17 
65 92 84 14 85 75 32 82 52 95 
17 95 63 91 77 75 56 78 3 14 
13 33 75 97 64 59 19 52 80 74 
83 60 4 47 23 99 94 97 29 91 
25 59 70 17 45 63 31 47 38 88 
66 88 12 52 25 7 6 39 98 48 
97 55 37 78 13 33 55 68 27 90 
29 67 78 35 65 48 96 27 9 52 
64 34 91 55 74 67 84 83 19 32 
38 2 51 2 96 31 61 60 44 92 
38 13 61 64 30 26 50 68 13 90 
56 30 30 72 64 37 27 79 45 65 
76 90 25 16 21 87 90 99 67 86 
97 35 6 83 95 8 74 12 93 52 
60 6 18 37 25 3 91 79 74 8 
78 89 87 5 68 63 90 70 70 98 
71 95 15 10 87 8 61 81 65 26 
61 76 77 93 33 69 84 82 9 4 
65 18 33 95 83 14 91 74 68 19 
56 81 98 13 58 45 8 71 94 41 
8 90 39 85 96 96 47 42 39 33 
33 97 18 5 49 15 5 32 77 7 
17 97 20 42 87 42 1 39 71 50 
14 18 26 70 90 71 9 83 30 84 
23 33 20 85 7 40 90 73 64 11 
27 58 14 89 35 58 79 89 29 76 
94 47 33 82 23 82 28 41 99 65 
5 75 60 4 66 94 18 60 88 93 
29 23 56 88 63 83 52 89 69 51 
73 73 66 75 23 91 100 100 50 11 
72 87 24 12 68 96 66 48 12 53 
4 75 87 1 73 96 44 95 78 99 
61 6 27 42 3 54 40 67 88 54 
95 31 7 17 28 65 50 89 9 100 
13 19 52 99 50 24 78 35 73 8 
15 61 48 48 48 94 37 7 1 44 
48 91 25 38 47 7 35 99 83 69 
83 1 89 1 94 54 75 96 11 85 
86 43 22 61 33 41 7 38 84 72 
53 1 47 96 5 46 61 65 67 3 
5 62 79 60 20 40 89 34 73 26 
55 33 87 100 88 40 77 3 10 37 
36 7 52 9 33 28 30 99 17 34 
3 31 63 91 42 81 10 88 17 4 
85 9 54 39 72 75 47 59 43 28 
74 4 25 65 54 18 47 99 41 29 
84 44 27 40 78 89 64 35 27 5 
18 60 54 93 22 16 16 56 44 56 
11 15 22 50 75 13 35 15 84 89 
30 18 80 69 47 51 53 87 96 87 
47 50 84 79 12 54 21 56 45 42 
36 61 6 52 76 40 9 81 91 56 
81 90 5 17 98 1 15 50 25 13 
35 32 13 77 87 55 100 13 84 2 
49 34 6 8 24 56 81 78 9 23 
15 29 13 43 73 4 1 30 12 71 
69 7 33 94 14 12 100 81 73 49 
50 22 1 56 54 27 19 2 80 54 
25 88 46 90 20 43 86 31 27 94 
24 56 5 10 85 35 75 28 90 70 
28 6 56 54 61 4 52 40 73 78 
47 95 30 4 59 82 83 59 78 39 
43 42 61 55 38 48 36 24 42 25 
93 48 60 65 82 63 78 50 85 65 
42 25 91 99 41 46 68 31 85 46 
31 99 60 2 46 62 7 64 73 71 
68 26 77 17 1 85 99 28 86 9 
87 40 41 38 71 22 20 96 12 96 
63 84 2 56 8 18 91 67 89 23 
18 24 77 56 38 71 36 66 20 78 
2 86 36 67 22 65 64 33 44 12 
24 89 64 69 34 22 13 97 72 65 
75 35 33 11 13 27 4 92 52 92 
29 20 1 93 26 28 22 26 58 32 
69 59 14 78 24 65 56 72 36 73 
5 71 25 91 54 62 36 99 60 46 
10 36 77 4 61 1 55 25 68 50 
40 2 38 41 100 48 52 17 92 11 
14 28 47 51 100 11 46 48 2 52 
33 95 1 97 25 34 77 44 91 89 
41 15 19 32 57 89 97 17 3 12 
37 22 17 26 45 100 43 20 41 39 
39 37 30 85 21 91 5 31 36 92 
48 96 47 88 83 13 57 64 37 46 
90 27 60 41 50 73 91 85 75 64 
79 83 38 95 33 30 51 95 72 14 
36 38 7 29 65 18 47 58 5 98 
84 15 40 96 21 22 73 59 97 96 
15 34 7 45 25 30 98 33 79 28 
79 100 91 30 77 42 77 87 88 90 
39 67 50 80 85 33 39 62 21 50 
67 44 68 7 66 40 18 22 23 41 
79 34 86 77 34 7 97 50 91 58 
10 22 69 99 63 1 10 74 19 36 
92 15 93 93 44 49 39 57 74 98 
1 100 65 61 48 80 73 27 6 77 
43 31 52 81 64 45 92 63 23 53 
100 69 69 33 87 63 46 87 35 8 
34 68 97 41 65 42 86 61 33 12 
38 59 90 51 39 88 65 14 12 92 
86 28 8 48 79 47 46 78 75 97 
34 76 88 38 38 8 70 8 40 89 
40 67 73 24 32 69 51 82 58 54 
94 93 13 70 49 95 44 96 9 98 
21 63 20 38 49 45 76 25 92 71 
41 56 58 35 29 76 71 5 51 92 
100 89 28 23 96 7 47 22 78 49 
80 63 16 38 32 33 41 88 99 99 
56 83 38 65 25 58 8 79 66 15 
84 17 95 31 6 8 78 40 27 98 
66 58 55 5 59 33 91 58 12 69 
27 72 65 57 22 17 60 82 32 29 
46 20 70 38 14 67 2 41 11 96 
33 38 36 66 22 8 26 65 48 8 
85 6 5 3 11 72 15 91 95 76 
27 70 53 19 80 95 31 86 69 55 
68 11 49 39 29 91 46 28 86 76 
12 47 6 52 79 88 35 37 66 60 
29 88 4 22 15 24 59 51 89 84 
68 12 76 70 6 29 51 55 81 25 
62 68 95 69 74 14 67 27 5 94 
86 51 91 1 83 73 6 36 18 62 
39 44 18 30 28 95 85 51 10 95 
37 95 34 100 40 36 52 94 68 28 
31 77 61 9 90 53 72 59 57 86 
79 93 15 68 87 31 27 52 65 41 
72 67 53 26 47 45 68 12 46 6 
58 91 56 53 8 33 56 90 32 96 
69 70 51 80 11 6 91 29 41 65 
64 65 16 34 29 34 21 30 51 34 
74 51 85 4 21 27 34 72 94 29 
38 93 4 80 41 94 20 55 38 14 
91 92 7 96 9 45 69 44 38 75 
4 61 73 17 41 44 68 30 13 53 
56 21 53 84 10 21 55 56 62 11 
97 100 72 55 29 24 21 89 29 94 
61 60 68 14 67 4 87 5 16 14 
54 57 86 12 75 74 42 84 38 41 
17 69 74 74 80 33 64 85 14 15 
86 69 63 46 43 5 20 99 61 80 
18 91 88 84 32 4 99 67 60 13 
38 94 13 39 55 31 72 75 29 86 
26 6 90 85 86 24 68 33 52 100 
25 65 1 70 53 65 74 18 10 60 
8 1 26 30 58 59 31 89 72 92 
15 92 19 69 55 35 73 18 8 58 
63 73 58 72 70 81 78 60 39 2 
38 95 96 3 43 2 80 86 90 19 
11 96 43 2 78 83 92 33 69 72 
83 61 73 54 32 58 20 15 98 98 
13 51 96 54 37 43 80 41 55 7 
12 65 21 75 5 65 31 25 45 81 
49 71 44 26 25 21 32 69 87 41 
90 75 83 63 21 7 5 33 98 72 
10 92 98 35 54 33 92 1 6 42 
55 29 70 70 68 92 57 56 68 46 
76 93 42 18 4 48 64 39 3 82 
49 58 55 83 78 12 67 43 30 24 
59 92 68 15 35 45 71 47 75 68 
74 50 70 22 17 64 81 7 65 95 
80 25 100 56 16 49 50 14 16 56 
92 89 58 45 54 73 44 1 96 57 
52 49 41 43 54 84 21 72 62 76 
84 89 15 46 36 14 91 86 45 96 
24 17 73 58 26 2 91 1 62 5 
44 71 85 63 8 98 47 92 79 27 
67 98 30 99 68 53 17 18 78 41 
51 10 15 1 39 63 73 31 49 41 
4 77 47 88 60 13 73 48 77 28 
22 40 29 90 25 20 80 7 35 43 
82 24 56 28 9 44 74 37 17 44 
91 51 7 9 44 33 50 9 56 31 
81 11 16 36 93 53 79 39 39 63 
61 43 47 93 20 94 95 98 40 32 
36 12 78 53 6 30 64 77 43 69 
95 25 19 94 65 34 14 28 46 82 
59 98 71 51 9 73 63 48 57 83 
39 7 32 81 80 29 1 7 50 5 
27 29 96 52 93 75 99 31 91 74 
92 88 63 14 19 14 88 19 58 38 
74 64 19 58 18 97 6 26 85 96 
31 56 38 35 97 58 81 37 92 58 
44 25 45 92 76 17 79 88 87 89 
8 44 34 64 26 71 90 1 37 20 
53 26 55 52 27 85 52 46 43 8 
4 52 56 3 43 84 40 82 95 86 
44 9 61 46 70 12 34 51 72 88 
56 46 22 24 6 21 36 61 84 19 
74 44 21 45 73 34 51 91 78 86 
9 52 18 32 81 1 57 30 91 96 
64 15 63 66 87 90 31 48 79 57 
85 11 66 82 49 68 41 18 86 29 
71 24 19 5 8 2 16 7 79 4 
91 34 42 95 74 67 97 44 63 13 
18 53 60 93 28 65 12 85 1 33 
19 61 38 64 81 74 87 71 87 97 
53 78 48 92 70 78 41 53 42 39 
97 15 99 83 47 36 43 90 31 73 
9 9 9 9 52 6 5 90 16 86 
44 47 38 94 46 63 71 12 81 52 
81 94 54 38 63 85 56 58 47 83 
6 88 69 43 38 96 32 43 73 54 
89 16 73 78 43 22 74 79 7 63 
57 72 79 73 66 3 71 68 6 50 
57 34 9 93 97 63 46 90 18 38 
45 30 91 53 5 64 63 57 96 70 
52 45 72 85 74 17 29 90 17 100 
41 4 96 66 47 44 45 37 95 99 
3 31 31 72 54 1 20 86 23 15 
16 31 92 63 32 39 14 92 46 18 
49 5 17 72 85 20 1 62 1 100 
59 51 70 78 97 55 62 83 70 5 
98 53 49 60 61 69 92 6 14 60 
22 48 57 42 78 78 23 67 3 3 
49 66 24 34 92 68 7 97 51 1 
91 51 88 38 64 93 64 83 37 18 
94 61 56 75 64 48 80 41 87 83 
88 54 64 89 20 8 88 56 82 42 
28 61 20 65 74 34 45 67 17 28 
5 83 35 1 93 8 46 95 48 27 
76 4 29 8 12 89 26 41 6 94 
34 27 27 80 11 92 71 86 19 90 
36 65 34 25 4 34 5 34 46 19 
85 95 62 51 53 76 31 16 74 69 
87 31 67 16 10 85 22 10 23 76 
99 85 1 66 94 76 9 20 95 22 
78 75 46 77 46 27 89 55 23 4 
8 13 74 86 80 60 91 34 28 41 
95 90 8 8 48 67 11 80 27 41 
76 3 60 49 37 62 71 88 45 29 
22 10 37 83 100 51 86 31 88 73 
5 84 35 76 99 52 96 63 64 45 
38 43 32 98 97 47 22 40 73 26 
61 8 73 66 28 40 56 42 5 31 
38 19 61 66 1 80 20 37 67 48 
17 24 12 85 86 78 50 2 87 24 
17 94 100 27 48 100 92 32 62 92 
36 57 18 32 21 1 28 44 23 6 
71 76 55 23 44 55 59 60 25 97 
46 22 51 31 23 68 11 55 91 8 
55 56 92 35 46 63 59 71 13 35 
3 32 82 32 12 51 71 6 95 84 
95 62 21 34 93 69 77 87 70 13 
8 38 70 26 84 17 11 41 41 98 
26 26 57 82 98 59 82 52 59 57 
65 33 100 27 86 4 6 77 35 25 
29 92 88 67 60 79 33 2 76 27 
10 41 35 52 8 73 28 15 24 7 
71 52 38 39 39 65 24 100 31 38 
5 18 39 93 9 88 40 49 83 3 
63 58 90 96 82 37 93 100 68 26 
70 90 40 51 38 19 26 40 47 87 
82 96 15 97 86 47 16 63 35 99 
78 100 51 33 21 66 6 89 28 100 
46 57 20 39 93 67 64 5 24 19 
43 83 79 36 96 30 24 43 30 61 
91 26 53 3 11 63 16 13 48 92 
28 44 22 96 6 68 67 87 89 56 
48 68 17 77 48 4 24 58 63 46 
30 19 35 48 88 15 73 3 57 20 
62 11 14 9 92 58 52 63 17 44 
85 100 28 5 71 50 28 58 65 65 
85 14 96 43 24 76 25 30 43 38 
6 11 92 65 70 71 52 84 67 62 
95 12 75 31 26 35 27 16 56 62 
29 6 71 15 92 95 68 98 78 48 
79 20 50 54 72 95 32 97 66 75 
54 59 46 73 48 62 83 77 92 93 
6 30 21 14 13 7 7 17 43 58 
96 22 19 56 25 41 93 56 27 55 
49 68 89 44 29 86 60 52 68 49 
42 3 70 84 60 56 27 92 59 55 
36 93 86 16 92 76 11 96 72 4 
59 94 51 86 92 95 65 32 6 30 
43 37 33 24 95 75 51 29 45 3 
46 40 95 30 97 53 14 70 60 51 
67 15 82 30 38 4 15 66 97 69 
63 39 93 54 74 26 97 87 50 44 
35 56 94 91 77 21 81 17 41 23 
5 70 74 77 62 34 11 13 46 99 
93 11 10 93 70 56 43 51 36 9 
100 70 21 91 41 86 21 51 29 53 
69 70 32 17 12 39 51 66 94 18 
2 33 98 62 29 76 93 38 54 73 
46 24 18 91 91 67 31 64 24 23 
74 61 90 37 99 32 25 72 27 47 
64 23 2 72 72 68 65 41 28 34 
58 6 20 32 80 33 64 61 90 85 
29 77 48 48 95 62 65 67 89 25 
100 25 51 55 33 71 1 3 25 19 
58 6 83 44 88 38 25 75 34 61 
19 64 76 86 94 63 82 50 62 6 
94 20 98 71 43 76 89 16 31 34 
91 95 46 83 65 1 25 53 6 87 
79 15 55 83 6 72 21 1 5 1 
26 45 45 75 11 62 98 32 2 22 
70 97 20 33 73 77 64 76 32 37 
47 81 84 75 52 61 82 73 73 39 
98 87 30 37 12 62 48 69 51 44 
46 33 61 45 51 28 36 19 41 17 
88 50 55 54 1 36 52 14 72 49 
53 80 55 83 16 8 78 95 80 13 
58 71 46 89 88 45 6 60 13 18 
35 27 9 77 43 98 62 55 98 2 
37 10 90 85 21 14 34 11 20 68 
33 5 54 39 95 82 3 69 94 14 
81 22 29 96 52 25 58 88 19 20 