9 14 11 1 25 32 57 89 77 60 
95 34 67 13 44 47 72 52 51 23 
16 99 66 90 87 99 17 20 46 82 
83 28 3 77 94 55 3 13 93 21 
46 27 51 77 96 42 78 24 14 32 
86 23 55 52 41 94 27 35 36 81 
23 56 51 46 7 6 26 74 20 65 
68 30 33 56 78 98 41 86 33 88 
44 96 88 94 84 35 41 17 54 35 
55 35 78 87 35 9 4 46 99 94 
77 39 3 20 58 89 43 29 96 49 
30 95 49 60 78 12 66 38 20 60 
62 13 11 37 60 72 41 45 22 3 
66 92 14 36 54 53 57 72 2 74 
18 48 3 36 65 40 35 78 94 89 
64 3 82 95 91 51 21 14 94 6 
25 59 75 55 14 51 53 79 23 39 
32 70 62 2 89 9 72 88 56 43 
4 57 15 42 58 87 60 41 4 38 
50 55 25 20 25 11 50 89 84 11 