58 19 27 28 73 15 98 66 44 83 
19 29 79 35 51 47 99 65 38 41 
49 4 60 100 34 2 91 61 80 8 
73 14 68 10 59 61 8 80 36 78 
33 12 31 60 97 42 36 93 10 61 
21 93 83 75 74 34 73 23 100 58 
30 19 70 100 6 55 51 44 2 30 
87 58 90 84 53 59 8 27 38 68 
31 44 35 84 35 45 79 81 37 44 
20 35 87 17 36 77 11 57 7 77 
56 93 23 18 3 35 13 44 12 32 
19 5 33 90 76 8 64 57 19 19 
80 57 88 5 51 50 73 22 11 65 
29 87 50 71 63 99 77 65 58 21 
88 90 14 87 96 33 3 27 47 26 
86 56 62 96 43 41 33 87 70 78 
78 75 79 44 68 25 81 12 87 41 
80 24 25 22 91 39 53 67 20 58 
69 34 59 99 77 7 70 53 98 11 
3 66 61 38 37 71 29 92 52 42 
89 76 84 46 92 3 65 19 95 8 
16 73 99 89 52 100 3 2 4 58 
86 29 85 13 67 95 28 23 3 19 
72 100 52 33 82 91 54 1 82 30 
10 17 83 68 84 53 28 44 27 63 
22 12 65 67 18 32 21 26 95 81 
4 74 33 99 94 49 45 87 90 60 
45 5 87 22 44 6 78 100 3 22 
46 4 55 19 62 89 48 46 53 62 
79 78 81 41 91 70 54 36 70 74 
82 24 98 87 89 95 100 81 79 40 
97 83 2 53 20 75 95 89 73 99 
93 84 43 12 45 88 22 77 1 57 
92 76 32 6 73 13 56 91 94 40 
13 23 78 74 53 43 21 27 2 24 
90 12 64 59 80 92 34 87 50 77 
49 77 84 80 90 84 46 57 28 87 
51 34 17 44 3 71 51 14 93 69 
88 63 72 76 47 84 42 6 54 47 
19 33 89 88 41 36 96 52 25 78 
34 38 10 53 82 91 50 95 14 30 
44 3 24 13 9 43 49 3 92 38 
30 3 38 69 29 6 96 2 12 49 
26 65 65 58 60 43 29 4 12 1 
80 50 95 35 96 30 39 50 38 32 
11 47 78 75 61 82 81 42 24 80 
88 91 37 41 97 56 16 29 55 56 
61 66 24 75 70 83 26 54 96 49 
78 82 58 7 65 7 65 83 62 56 
46 80 41 18 78 71 18 79 19 43 
57 2 29 5 11 92 80 88 35 17 
94 58 26 50 77 37 16 3 86 17 
63 26 41 95 11 22 45 70 1 89 
5 69 82 65 20 74 35 87 70 23 
15 40 76 72 93 83 69 8 51 43 
60 47 92 90 70 29 66 24 98 22 
5 87 48 15 53 19 83 18 22 22 
43 38 69 45 97 8 15 66 66 6 
14 68 80 10 74 24 29 6 53 62 
25 52 58 48 59 45 61 63 60 85 
24 17 52 34 38 50 95 88 72 63 
11 25 37 20 96 5 16 86 73 30 
41 18 67 39 1 1 56 95 95 58 
52 81 83 5 76 67 51 94 57 27 
37 34 85 14 87 9 49 92 94 30 
98 53 18 31 10 60 5 30 55 93 
91 82 64 36 21 86 60 60 73 85 
99 38 61 30 51 33 70 54 84 84 
57 4 53 83 4 1 35 2 74 55 
78 14 56 20 46 14 77 51 35 19 
15 31 88 60 36 40 94 50 96 63 
43 80 27 22 74 67 95 37 94 13 
96 63 18 92 20 9 92 90 95 66 
54 91 48 88 34 2 11 59 18 33 
45 65 52 1 6 2 24 75 70 81 
32 90 36 83 93 5 5 60 28 92 
60 64 64 79 11 1 52 43 61 88 
1 94 87 34 69 90 50 32 56 69 
14 47 91 16 45 86 91 34 32 61 
88 49 55 64 38 8 53 57 6 59 
34 39 50 1 44 52 4 63 89 70 
65 55 71 73 69 64 39 73 7 96 
97 36 94 4 4 24 96 99 58 80 
92 71 30 55 67 41 1 97 19 29 
65 1 31 83 93 89 48 45 99 84 
26 25 59 82 32 25 72 89 21 74 
33 38 14 91 22 13 64 40 94 71 
68 31 17 32 96 26 87 94 25 71 
52 94 91 50 87 33 68 97 78 70 
93 30 56 43 88 53 1 33 30 44 
39 61 17 50 94 57 17 4 10 9 
29 11 6 36 23 27 93 35 64 47 
98 12 57 59 77 15 62 51 67 10 
69 51 99 80 44 5 30 49 73 45 
95 32 30 4 33 14 25 91 21 98 
87 12 28 3 29 17 25 38 28 1 
1 9 24 11 88 94 28 100 91 64 
46 33 79 25 22 79 54 23 38 88 
83 72 16 87 5 54 84 96 79 25 
90 57 62 42 16 69 20 84 60 16 
81 89 36 92 81 2 72 31 92 92 
25 61 2 84 93 1 72 94 6 96 
29 83 36 58 86 44 84 29 19 99 
66 52 10 57 76 22 59 33 31 44 
23 53 63 17 59 11 17 1 97 23 
9 96 13 28 6 33 49 28 84 59 
71 66 61 77 96 71 17 50 70 17 
9 75 24 93 64 66 62 7 87 91 
8 16 98 30 96 12 12 72 88 66 
42 75 86 77 45 46 58 76 64 42 
82 26 9 36 2 45 99 70 11 70 
93 36 66 66 91 64 66 91 78 71 
34 61 3 13 85 8 30 59 93 96 
29 36 55 1 90 81 45 93 8 18 
14 14 42 23 42 17 12 68 18 49 
45 37 95 78 50 69 44 79 47 77 
15 35 95 37 53 20 78 12 53 28 
8 67 46 25 94 37 16 4 68 48 
26 35 11 6 67 1 68 86 39 39 
46 15 54 72 38 66 3 37 4 57 
19 63 83 55 28 26 29 92 57 84 
44 65 40 32 13 95 35 37 64 18 
30 35 54 14 29 60 19 81 50 15 
40 91 62 49 24 91 24 74 75 79 
64 45 72 75 57 48 3 47 42 75 
88 19 28 78 51 73 29 22 74 63 
62 5 21 22 50 60 67 99 26 71 
64 64 69 98 19 54 41 47 82 10 
69 18 24 79 54 78 97 25 13 95 
74 56 2 18 69 23 79 6 66 90 
1 7 48 55 32 32 61 78 7 97 
92 25 30 36 21 32 76 70 16 49 
29 75 44 84 92 63 23 25 42 83 
94 62 78 52 7 84 38 59 71 55 
49 98 39 36 7 27 78 91 49 15 
48 57 97 65 43 66 10 57 47 96 
90 12 77 2 41 100 89 80 66 54 
76 61 45 31 49 57 15 51 48 88 
87 3 89 50 6 15 56 64 45 53 
5 61 12 85 71 21 70 10 26 75 
81 74 57 67 39 6 92 67 23 93 
83 11 52 16 11 43 19 58 90 69 
41 18 33 80 82 18 71 61 85 74 
6 52 61 62 94 35 13 9 42 11 
66 77 42 12 73 48 83 20 20 25 
2 24 73 99 87 71 34 10 42 4 
77 12 29 23 4 56 66 43 34 99 
49 83 96 55 45 15 14 97 31 6 
93 10 55 94 91 26 63 5 95 6 
44 23 23 93 79 37 53 98 98 28 
81 20 59 54 21 66 49 71 94 30 
44 72 95 29 70 72 81 11 57 83 
18 25 3 86 3 99 9 37 8 32 
53 71 15 48 90 29 6 71 10 6 
54 11 54 91 21 8 10 56 47 24 
65 39 53 20 82 41 57 4 57 95 
66 35 23 38 15 56 96 31 50 33 
55 23 43 29 33 98 64 65 48 95 
59 35 31 28 26 79 75 56 28 35 
80 24 38 27 78 18 59 18 59 77 
93 89 69 9 10 86 18 94 2 9 
80 49 72 62 20 83 1 98 62 3 
46 76 10 47 36 92 95 63 69 36 
98 94 67 75 75 17 70 12 55 90 
41 23 57 94 65 39 38 67 44 76 
44 34 81 83 16 21 57 45 60 33 
18 41 20 30 25 35 74 36 13 98 
41 14 96 12 75 26 95 57 46 33 
5 18 85 45 77 89 60 81 76 39 
45 83 26 69 79 10 10 68 93 24 
49 88 5 59 52 23 31 84 26 48 
52 32 55 87 72 3 8 92 8 87 
81 61 46 67 81 36 78 21 94 86 
77 54 48 82 85 20 28 6 33 34 
69 16 1 40 11 64 93 54 4 14 
62 32 24 96 25 20 58 3 41 4 
30 55 45 10 58 96 95 94 24 75 
76 67 49 94 99 18 36 13 46 72 
62 86 19 67 18 100 37 9 87 56 
56 78 53 65 58 43 69 78 13 64 
68 14 29 58 39 8 31 97 86 49 
36 14 34 84 48 21 42 56 8 84 
46 93 59 3 47 73 68 87 95 89 
65 98 40 5 27 100 100 24 66 50 
17 73 21 21 12 72 84 57 40 50 
26 19 95 41 29 4 76 66 98 25 
33 80 29 77 5 14 38 82 71 21 
98 36 77 45 5 43 40 26 42 56 
33 55 16 15 20 100 80 52 13 25 
8 20 15 47 31 28 66 21 28 46 
87 83 33 67 99 76 3 37 93 67 
16 45 83 46 14 96 87 78 47 24 
41 30 31 98 81 34 69 12 72 63 
34 5 51 6 57 80 46 79 80 87 
84 26 24 100 12 37 99 62 2 27 
38 75 96 64 99 45 70 85 77 4 
18 56 19 19 56 51 56 99 91 54 
51 36 45 74 48 98 56 80 63 89 
62 88 33 77 99 100 35 95 64 28 
10 12 72 40 61 36 34 48 56 14 
4 4 93 50 39 81 75 94 53 29 
43 33 6 83 76 71 61 46 99 2 
45 48 71 17 58 46 84 4 64 83 
75 67 87 94 42 28 92 82 68 80 
9 6 83 30 5 10 80 93 86 13 
25 87 26 24 82 30 80 95 61 30 
16 11 91 22 56 64 37 17 46 86 
13 1 36 40 66 55 78 52 75 57 
38 46 38 30 38 79 46 76 11 62 
71 32 44 36 74 10 49 53 98 63 
50 75 21 69 16 14 73 74 10 9 
74 13 74 89 48 23 70 95 55 10 
14 21 31 8 65 10 79 19 72 30 
10 52 12 15 64 2 11 17 59 5 
65 77 61 25 25 37 79 29 43 60 
20 32 66 57 13 72 46 33 57 94 
100 19 80 13 39 96 74 30 80 73 
17 18 78 37 68 92 95 43 66 6 
23 4 35 51 49 69 8 14 13 38 
34 22 58 99 9 43 89 28 70 73 
83 61 98 95 71 67 16 22 20 67 
46 25 62 32 71 50 65 75 64 87 
36 11 41 7 72 91 85 52 8 86 
46 82 69 22 63 49 62 65 87 40 
29 52 74 5 54 13 12 2 6 4 
18 63 16 70 26 58 44 59 39 77 
93 35 37 45 37 55 15 20 4 46 
90 29 69 71 59 4 89 78 74 14 
46 19 58 94 61 10 57 66 49 18 
68 61 23 29 51 39 71 90 43 96 
89 22 14 41 97 35 49 12 32 31 
89 47 99 45 27 84 15 55 21 56 
92 49 31 66 16 69 24 59 55 65 
43 21 60 21 5 61 63 30 27 6 
15 16 49 16 92 94 62 93 17 42 
56 71 64 59 9 35 22 56 44 90 
86 16 17 11 34 3 76 44 73 53 
5 67 74 49 54 37 1 38 14 25 
20 1 69 84 41 10 77 92 22 81 
51 59 23 37 96 62 55 37 88 75 
50 47 72 89 28 94 28 39 7 40 
12 12 92 18 100 86 79 96 59 52 
72 72 45 74 14 85 78 73 7 78 
55 37 7 14 60 9 50 68 27 45 
65 24 3 77 61 91 25 5 55 73 
29 57 63 85 31 56 8 71 95 62 
66 1 39 47 79 39 44 38 100 78 
71 31 39 52 92 2 15 30 40 18 
12 10 97 17 5 32 15 88 76 33 
65 23 67 24 2 60 10 42 64 10 
34 4 21 14 10 42 6 61 81 42 
45 56 42 71 3 1 32 78 42 19 
46 100 85 54 40 54 54 96 68 82 
5 12 63 2 23 46 28 47 46 63 
64 7 16 31 77 80 36 57 97 45 
88 36 14 100 45 73 23 16 17 72 
46 7 55 3 81 44 54 97 20 70 
31 21 64 98 54 64 66 16 55 89 
79 63 33 44 49 84 69 37 20 96 
13 51 83 79 45 73 6 94 82 53 
59 96 74 13 49 77 37 55 52 84 
5 77 24 71 90 1 2 65 8 14 
73 80 41 26 99 24 92 4 83 25 
32 86 7 1 51 36 62 62 2 62 
55 27 62 41 46 45 25 70 17 14 
3 8 80 6 20 92 34 87 75 58 
43 99 50 51 74 76 81 34 36 88 
33 52 36 10 37 45 26 53 87 32 
11 72 61 23 38 8 64 9 93 63 
43 97 40 10 45 56 83 6 36 86 
39 7 58 74 78 85 14 48 16 24 
97 45 19 27 15 99 67 9 24 78 
63 49 7 38 32 77 22 2 15 75 
93 66 63 43 70 14 41 43 26 12 
84 40 29 89 45 43 4 23 19 86 
84 58 24 9 4 41 88 56 27 40 
100 90 4 49 75 52 51 96 33 93 
85 80 61 11 100 43 17 51 73 21 
61 17 88 90 33 55 49 62 56 56 
6 19 5 8 24 42 37 67 30 18 
23 59 86 75 52 92 31 47 88 72 
53 67 7 39 47 5 61 2 51 77 
87 51 13 90 42 36 14 31 91 34 
80 79 46 41 86 70 25 11 76 58 
93 77 65 83 51 13 75 19 84 42 
42 90 82 91 90 81 4 12 29 38 
70 47 91 24 6 66 32 77 68 80 
81 75 12 19 37 39 65 30 35 25 
2 81 36 64 34 10 31 17 42 18 
46 88 22 57 24 67 36 50 16 57 
88 7 1 14 89 34 56 12 59 30 
95 30 96 37 28 9 60 10 86 37 
36 86 84 93 6 76 44 60 39 79 
16 40 11 61 99 64 97 85 42 46 
71 73 19 19 53 87 12 63 19 90 
41 50 54 81 36 94 11 92 97 10 
39 19 53 34 35 17 13 20 55 93 
92 45 50 3 71 83 65 82 29 52 
58 94 30 51 9 99 77 37 33 82 
85 13 24 54 34 37 80 10 25 19 
60 58 94 1 12 73 23 66 5 35 
10 34 64 63 92 80 92 92 12 22 
76 8 18 29 43 78 53 76 40 94 
45 48 18 7 23 78 29 74 55 21 
100 86 23 26 34 39 90 82 15 67 
4 19 32 24 18 72 79 73 42 59 
82 16 4 32 11 89 16 96 57 5 
15 95 34 54 81 8 4 48 94 52 
75 69 50 95 12 41 40 99 48 19 
82 61 53 73 26 78 2 52 44 71 
23 64 75 65 27 100 52 64 45 17 
99 47 27 25 33 89 61 67 15 48 
23 46 76 60 30 39 34 82 52 56 
91 94 28 22 92 58 16 68 11 58 
7 18 41 34 87 21 58 91 83 50 
53 94 19 84 97 62 20 48 38 93 
32 28 35 31 52 12 20 71 48 77 
27 78 52 59 79 89 75 91 85 79 
90 46 1 94 60 85 49 84 65 30 
93 38 2 100 53 96 2 20 28 74 
87 8 23 88 73 48 67 85 8 55 
41 71 65 8 30 95 14 47 43 58 
43 75 83 6 66 81 72 50 40 67 
60 62 73 24 60 79 97 50 8 50 
21 6 14 57 98 62 30 45 2 28 
99 9 23 66 60 96 25 79 9 93 
48 18 57 36 43 43 21 89 30 59 
42 98 46 32 53 58 43 86 68 57 
27 40 6 95 17 40 24 72 29 90 
11 49 63 56 69 51 68 99 95 64 
86 81 17 23 55 68 18 46 37 75 
52 23 21 80 8 80 29 99 7 83 
37 85 12 14 56 97 37 72 81 96 
26 98 10 31 93 89 81 12 8 33 
91 29 90 93 28 72 92 66 22 28 
33 36 74 93 4 44 29 41 6 49 
44 15 8 57 34 17 26 55 43 17 
92 7 7 20 14 93 97 72 23 92 
50 100 2 88 2 54 56 7 56 9 
6 73 47 96 36 26 70 16 40 73 
90 66 93 52 47 97 23 67 91 63 
56 9 35 74 90 86 84 63 67 19 
2 19 22 69 37 31 20 13 37 26 
27 8 8 17 56 63 92 86 43 46 
95 74 4 35 1 50 73 86 8 65 
86 51 15 81 27 40 83 87 40 50 
40 48 35 71 55 63 100 54 1 25 
33 50 55 88 46 4 46 8 19 65 
63 12 73 17 59 62 59 99 80 33 
21 53 27 23 84 46 94 83 54 23 
60 97 85 24 89 75 71 6 28 56 
96 46 55 35 3 23 29 2 56 85 
36 96 51 58 74 66 71 14 58 50 
29 60 19 90 60 91 20 48 70 91 
40 15 12 98 11 27 85 31 42 29 
85 38 43 34 9 28 76 25 46 79 
22 36 38 31 79 64 56 92 17 22 
20 40 46 3 68 76 92 31 54 35 
6 19 29 95 26 64 48 65 19 92 
94 27 34 64 36 9 36 43 82 2 
42 31 9 9 98 70 78 84 92 12 
38 80 33 80 22 95 40 37 31 27 
81 68 23 60 34 3 48 50 86 56 
54 81 25 32 99 82 36 67 23 99 
78 50 11 62 75 73 94 14 41 95 
79 48 39 43 50 54 67 37 54 78 
8 58 88 94 54 4 49 71 47 26 
59 96 82 97 38 73 87 29 51 97 
45 71 59 30 84 83 21 68 24 97 
25 53 24 60 36 24 47 1 1 52 
64 75 51 92 4 96 38 65 86 36 
28 32 21 4 88 22 18 31 9 14 
85 32 29 39 48 76 6 92 34 60 
91 88 83 59 41 46 61 100 20 50 
76 70 69 62 68 63 97 28 87 99 
95 17 54 90 51 80 96 82 15 89 
78 32 68 81 55 96 62 74 84 32 
99 55 65 71 37 43 30 100 35 48 
48 95 37 64 28 82 63 55 26 92 
1 99 96 31 92 69 6 92 99 65 
90 65 25 82 4 95 58 35 44 54 
85 6 93 35 13 68 58 73 12 90 
76 43 49 87 75 86 46 18 30 86 
38 18 81 3 90 66 22 87 59 51 
69 55 92 50 69 31 57 68 4 87 
19 23 99 16 80 32 39 52 51 14 
8 62 33 38 71 98 75 82 23 77 
84 31 97 4 35 92 50 76 23 76 
87 99 95 4 83 86 12 27 8 74 
74 34 7 40 34 76 88 97 79 7 
35 79 33 14 68 60 55 80 18 45 
81 85 6 86 45 35 32 33 19 15 
62 8 32 94 93 68 39 57 10 76 
83 81 70 36 30 4 91 17 48 5 
66 50 49 58 85 71 72 89 17 13 
23 96 38 37 20 94 24 71 87 100 
31 33 15 69 35 60 19 22 25 23 
1 73 53 11 5 24 24 76 49 42 
96 54 34 83 91 22 63 14 29 20 
25 93 90 22 10 69 59 48 72 59 
74 40 90 86 29 72 39 22 16 58 
39 10 59 12 26 99 86 15 76 98 
100 34 55 53 59 72 84 33 14 22 
57 7 31 50 80 33 28 45 70 92 
92 64 99 53 74 36 41 53 57 71 
48 30 1 47 44 63 67 18 82 83 
100 52 90 95 55 1 27 27 47 47 
73 15 8 64 16 99 83 60 53 100 
38 87 86 22 83 34 3 55 45 17 
100 66 36 93 3 58 70 11 46 10 
34 97 18 86 81 59 83 16 28 6 
4 12 13 11 87 73 87 84 42 74 
65 17 81 86 60 68 60 49 16 82 
22 11 88 86 48 22 54 61 7 75 
35 93 32 50 48 90 67 89 1 67 
48 68 36 45 86 54 70 24 69 99 
26 50 26 14 11 88 39 14 11 93 
17 38 82 69 55 49 81 5 9 44 
77 53 21 79 96 42 38 28 99 42 
2 56 31 89 99 26 97 91 50 38 
80 80 33 95 13 19 64 98 3 68 
41 83 27 60 92 62 75 36 86 10 
70 19 72 33 63 37 24 13 55 33 
99 3 78 93 94 47 10 5 83 76 
87 74 12 70 42 70 7 34 37 46 
49 89 25 32 41 25 82 94 70 34 
69 95 21 1 36 33 60 3 75 65 
7 92 11 8 2 89 47 86 81 73 
92 81 76 46 94 59 58 41 97 33 
64 84 50 58 12 58 86 80 9 41 
49 38 26 85 93 61 86 20 14 61 
82 82 14 9 42 83 42 22 28 16 
63 34 63 53 27 65 12 24 21 73 
58 42 40 76 91 67 96 91 24 91 
11 21 62 10 90 89 48 97 100 92 
37 7 61 81 26 23 68 40 49 83 
100 14 33 70 16 67 26 35 57 52 
18 34 25 79 41 40 9 14 18 8 
74 93 82 97 77 29 86 47 37 71 
55 66 51 84 14 85 24 71 19 20 
95 76 33 33 17 48 27 73 57 12 
47 75 90 30 8 82 97 43 51 69 
10 98 18 21 54 10 76 2 29 16 
6 50 82 56 87 15 31 3 40 48 
20 66 91 36 61 65 29 47 52 51 
72 97 98 65 62 81 26 22 4 27 
19 27 51 74 38 88 8 38 99 80 
28 37 38 85 23 70 95 24 79 91 
39 12 61 51 82 17 67 9 30 69 
61 47 70 91 98 72 4 64 55 80 
13 87 75 41 49 52 7 88 84 30 
24 34 25 67 15 55 26 77 13 69 
50 78 80 85 1 16 39 30 75 31 
73 55 28 88 62 51 67 20 58 12 
71 95 78 77 94 79 94 37 26 61 
29 26 34 14 88 30 22 86 90 78 
71 46 82 41 25 72 63 68 75 29 
60 44 45 75 67 44 22 37 53 89 
46 65 29 52 87 97 30 63 31 93 
31 56 68 40 68 91 68 5 3 91 
62 75 30 13 26 62 37 22 42 69 
85 38 1 61 98 25 8 98 70 6 
45 77 78 67 3 34 30 61 77 13 
90 41 70 9 80 95 74 45 86 35 
77 35 13 70 72 37 88 35 57 66 
30 84 87 79 87 3 55 28 30 39 
71 75 64 84 37 20 21 54 89 54 
24 71 91 82 37 3 99 18 12 74 
79 65 17 53 59 65 50 1 44 58 
72 21 99 27 74 27 55 67 82 26 
22 83 50 39 84 15 35 87 33 74 
16 81 5 54 29 29 55 17 47 32 
7 59 17 35 89 77 10 95 66 32 
6 95 50 79 64 79 5 49 24 40 
56 11 89 92 47 74 10 100 32 26 
7 13 43 84 69 4 65 82 30 18 
32 68 22 49 49 26 61 45 81 57 
31 59 94 84 44 28 38 25 29 33 
66 72 84 55 76 20 31 58 7 60 
28 20 76 38 29 92 23 44 91 60 
88 59 38 28 80 69 91 76 56 98 
2 62 96 40 11 78 94 80 83 31 
62 65 57 64 19 84 72 55 95 13 
45 73 47 62 81 79 34 94 3 41 
3 10 96 66 72 76 45 27 22 20 
19 69 67 36 30 86 79 35 27 72 
98 46 83 54 25 83 9 76 99 64 
89 14 55 73 72 36 100 6 96 41 
35 95 4 70 50 17 89 99 6 98 
8 25 36 10 73 31 42 22 81 42 
53 25 23 15 10 86 61 41 61 44 
61 21 33 90 52 75 43 44 100 90 
95 50 22 87 81 88 11 62 46 27 
38 3 10 99 95 73 98 58 40 10 
54 4 81 14 5 37 75 96 58 61 
49 3 71 51 55 59 37 86 20 18 
38 93 56 74 71 21 100 47 38 80 
60 25 49 93 42 92 38 51 24 53 
82 57 54 63 65 48 79 67 19 32 
30 28 5 76 42 74 95 83 53 54 
31 70 6 83 16 44 18 36 28 69 
44 86 8 15 78 18 49 23 95 56 
28 28 24 50 83 78 28 32 68 41 
52 53 63 74 57 24 76 39 99 73 
39 91 42 83 40 82 84 34 79 13 
19 82 24 27 63 48 53 33 95 5 
8 40 99 100 20 16 46 4 5 80 
67 32 48 77 23 36 53 40 6 17 
80 93 42 64 79 78 53 93 10 89 
63 51 56 66 88 28 66 65 56 58 
74 89 48 24 6 58 99 100 21 44 
31 23 39 17 49 80 16 60 63 33 
42 84 23 71 56 53 34 64 99 9 
8 60 53 100 20 10 77 86 4 45 
66 87 14 51 56 57 79 9 65 77 
97 65 69 4 56 33 28 8 77 41 
17 76 13 45 84 8 86 92 86 14 
45 53 29 95 1 21 95 95 1 82 
16 1 19 44 84 1 5 37 63 15 
40 10 87 17 92 100 60 69 13 89 
12 2 100 6 42 22 87 46 37 65 
6 93 45 80 21 90 62 41 11 3 
26 98 37 55 10 21 57 75 1 92 
99 38 19 6 89 26 28 90 76 73 
85 79 38 80 30 22 7 76 71 49 
41 46 81 85 47 45 60 99 83 88 
14 75 67 21 3 53 81 54 33 33 
32 75 79 47 91 1 25 68 14 25 
59 52 44 36 60 33 86 56 83 40 
78 72 64 60 21 30 17 36 88 78 
23 18 87 19 56 59 75 14 56 77 
100 18 67 4 83 24 22 16 62 46 
30 48 84 51 63 61 20 100 52 3 
97 46 67 42 21 25 71 91 58 48 
49 1 70 90 46 70 43 29 40 16 
51 45 18 3 90 65 31 48 66 83 
64 61 17 90 40 95 66 6 16 21 
45 47 92 84 61 14 45 34 83 32 
46 84 13 73 6 88 82 74 28 100 
50 96 53 27 83 78 100 86 30 97 
92 91 59 83 27 38 75 25 78 23 
48 10 32 88 48 5 90 51 28 58 
93 26 60 38 76 45 96 22 89 20 
37 11 89 97 9 59 20 43 21 95 
51 50 38 57 74 96 64 61 98 38 
23 53 79 92 80 54 16 42 55 29 
68 52 51 99 17 44 79 73 24 28 
52 37 39 66 72 34 63 97 13 2 
35 43 80 71 66 76 6 18 54 19 
32 93 69 6 92 69 88 40 92 64 
47 87 98 66 83 53 18 45 44 93 
67 67 44 95 30 19 38 68 78 45 
28 7 49 76 15 30 16 66 4 29 
40 35 49 54 21 82 82 9 25 6 
41 46 62 20 85 61 30 95 87 66 
76 85 36 71 72 60 96 52 15 21 
95 18 8 60 53 24 51 18 64 66 
45 44 50 83 10 30 38 22 55 29 
76 5 84 90 53 35 33 51 70 77 
33 91 24 28 36 89 16 41 30 2 
53 25 45 69 51 4 44 65 56 86 
6 10 30 74 66 24 28 83 13 22 
94 91 18 79 16 90 95 23 58 17 
17 36 98 54 29 88 75 65 46 55 
46 52 39 7 37 23 38 88 79 10 
31 17 87 48 75 53 21 26 2 18 
75 29 31 58 14 13 7 44 91 55 
69 55 57 77 41 10 81 73 100 26 
9 29 80 76 47 7 6 82 69 18 
92 3 3 43 54 84 29 81 32 99 
3 88 21 86 99 45 28 96 21 5 
80 64 31 31 48 75 68 28 48 29 
23 62 74 43 29 9 85 9 95 70 
74 35 95 50 51 98 2 71 97 41 
70 82 27 89 66 53 26 94 59 91 
74 99 84 11 51 13 82 54 91 89 
57 2 29 45 78 60 61 62 77 76 
51 48 16 28 47 74 39 3 22 52 
16 89 6 59 67 53 40 12 94 70 
70 69 78 39 33 9 45 82 49 67 
97 40 64 7 27 83 81 25 5 40 
65 59 30 36 57 57 8 23 60 24 
57 13 1 52 30 54 44 87 44 64 
85 76 45 70 25 89 19 63 61 22 
41 2 87 33 75 2 44 14 91 67 
72 48 54 8 8 55 38 98 69 19 
15 2 82 98 77 63 44 85 91 37 
64 7 14 58 59 8 1 26 57 62 
69 14 59 18 14 81 74 13 89 64 
42 33 78 4 77 4 97 59 53 81 
40 71 96 47 20 43 29 78 77 20 
82 47 37 19 6 16 77 42 97 70 
95 32 71 53 60 79 64 38 61 9 
83 59 34 35 83 27 51 19 79 96 
95 44 97 7 75 72 88 52 43 66 
64 23 24 65 29 26 46 54 57 85 
74 86 47 68 49 32 83 65 23 70 
90 70 98 2 88 86 64 86 90 88 
60 65 63 79 81 4 99 42 36 89 
27 72 27 86 84 96 96 82 45 73 
33 86 1 76 91 51 89 75 90 4 
44 57 31 95 46 43 5 89 82 80 
74 60 81 28 33 48 11 60 100 69 
58 73 88 53 97 18 75 86 42 6 
23 59 45 91 65 24 65 66 20 47 
50 83 19 43 77 44 35 97 95 61 
45 26 36 20 5 8 9 24 47 54 
18 64 15 39 90 2 58 41 76 49 
7 43 14 76 20 66 1 64 33 20 
81 58 55 51 49 23 27 46 83 30 
90 33 72 100 100 35 34 2 90 36 
27 30 17 13 43 11 41 58 11 5 
71 10 72 34 26 18 32 28 81 64 
59 39 82 18 18 10 36 28 37 34 
72 63 26 36 14 92 80 36 22 13 
78 78 89 75 89 57 41 82 88 3 
30 58 94 33 69 18 55 23 67 6 
4 8 21 65 18 32 10 37 25 59 
35 13 38 68 52 47 28 26 93 67 
95 11 15 11 55 62 37 15 91 51 
75 80 91 67 9 6 73 12 26 48 
24 88 3 17 10 42 79 33 28 51 
86 49 76 76 22 100 39 16 82 11 
65 92 46 19 33 86 92 98 52 44 
93 16 86 55 99 37 12 25 99 26 
65 30 96 20 26 55 58 52 46 41 
34 40 63 61 23 95 99 38 86 26 
7 31 31 86 2 64 83 50 87 63 
66 49 84 5 10 65 23 47 52 17 
27 46 71 88 64 3 34 87 80 88 
58 96 98 37 32 90 21 42 71 42 
43 79 54 19 17 18 78 46 82 4 
42 73 10 71 50 58 12 48 8 8 
21 74 5 10 98 95 93 3 14 47 
10 95 40 46 91 48 35 42 82 57 
87 23 14 60 24 72 23 83 11 4 
48 78 70 41 15 59 57 56 21 54 
27 21 62 88 46 82 39 84 90 13 
87 93 33 23 31 15 97 89 62 85 
69 65 6 64 5 77 64 67 20 76 
45 15 40 34 53 1 5 71 16 30 
47 39 88 30 86 49 62 54 28 62 
26 73 38 90 70 47 25 6 28 86 
96 16 27 9 94 36 47 94 33 100 
49 79 86 12 55 36 89 52 66 9 
78 39 93 4 6 24 41 27 28 16 
42 88 7 44 1 85 100 16 58 67 
66 77 38 82 10 84 14 20 66 53 
63 35 6 39 21 17 81 49 70 7 
6 58 95 22 39 74 6 50 75 82 
44 68 80 67 28 28 24 22 30 72 
5 31 97 9 5 92 26 88 63 81 
53 80 8 82 83 6 38 52 31 90 
23 66 11 10 91 57 14 61 59 100 
35 50 86 50 73 95 78 92 14 5 
24 34 23 33 34 74 66 46 46 34 
83 42 11 32 69 4 47 27 92 16 
28 76 32 93 89 43 54 100 54 32 
35 72 72 91 91 64 59 56 99 77 
69 99 90 93 75 88 18 38 92 26 
43 30 18 76 74 45 58 13 36 49 
92 41 74 26 24 85 5 3 55 26 
87 87 17 51 92 37 57 14 28 32 
27 26 74 23 26 38 58 42 41 13 
47 65 89 57 67 65 50 50 97 98 
76 97 38 69 60 35 66 67 54 33 
49 34 38 93 21 10 64 19 73 21 
18 57 68 97 28 13 22 87 3 18 
44 30 27 2 80 93 88 62 83 70 
36 7 18 88 74 54 80 92 19 31 
6 28 77 16 22 61 50 37 46 43 
47 84 25 3 30 75 64 17 16 53 
51 48 95 74 43 55 43 46 44 1 
39 10 67 17 27 32 85 24 99 37 
77 13 19 32 36 33 65 69 68 15 
83 7 86 98 62 51 36 93 98 83 
59 40 1 36 74 91 46 13 78 20 
30 36 93 21 17 70 6 79 15 83 
94 89 35 20 93 83 34 47 68 100 
57 52 44 46 37 25 33 14 19 23 
68 34 83 100 47 40 82 71 70 42 
9 75 83 54 15 93 39 85 46 16 
44 51 5 82 28 11 54 33 48 50 
74 79 51 85 31 56 38 100 43 87 
32 17 18 56 42 10 90 33 52 61 
99 99 64 22 23 72 61 42 96 71 
93 99 92 85 3 19 38 63 91 87 
86 1 60 81 91 42 13 26 14 89 
77 98 97 36 24 41 61 15 70 44 
40 29 14 5 71 8 57 53 87 23 
75 48 81 69 51 6 48 52 58 64 
46 40 33 37 38 59 68 73 41 78 
55 73 62 81 84 41 16 60 40 78 
23 86 80 75 6 96 68 71 16 19 
38 26 18 14 40 26 61 95 3 96 
77 1 33 12 73 25 43 90 84 77 
100 19 77 5 98 60 11 85 27 6 
23 40 77 83 58 12 98 28 40 54 
78 48 59 93 7 34 98 23 91 48 
49 76 42 4 82 28 95 19 18 48 
92 20 70 77 46 67 14 53 36 4 
43 50 29 28 85 69 53 67 88 64 
68 3 81 73 41 12 29 39 29 37 
49 18 60 84 32 67 83 70 74 90 
97 22 91 9 76 52 57 42 3 58 
72 28 85 59 78 59 21 28 35 46 
97 36 55 79 14 8 23 26 46 80 
50 30 21 57 72 41 42 24 90 55 
30 96 85 31 87 44 38 74 22 100 
15 9 35 62 31 57 71 16 96 14 
48 82 50 85 93 50 61 36 88 65 
11 16 9 60 48 65 30 71 59 43 
69 91 94 64 67 50 51 62 81 2 
5 83 17 14 14 84 40 93 42 28 
50 45 90 30 24 48 72 18 25 19 
39 57 77 54 15 94 16 96 6 10 
42 56 98 89 52 62 38 94 62 13 
45 10 96 86 6 84 28 77 2 94 
6 72 20 12 18 53 31 97 43 21 
39 72 5 11 86 15 34 21 14 28 
31 63 15 26 94 3 43 67 64 10 
94 4 11 90 48 9 73 87 2 39 
12 87 28 24 83 42 74 63 7 99 
66 85 4 79 66 88 83 28 68 94 
60 49 31 70 37 77 98 87 41 81 
11 58 31 92 56 27 31 34 81 83 
51 32 31 2 88 4 22 32 88 25 
55 46 48 63 33 90 63 69 21 47 
86 75 66 68 16 90 83 72 45 3 
20 25 10 89 55 30 67 43 2 53 
1 78 15 65 73 83 89 69 87 94 
51 36 36 60 88 94 26 79 65 56 
61 36 6 15 95 52 27 1 93 64 
47 77 14 16 40 98 98 31 27 64 
87 41 63 71 32 41 41 72 42 6 
10 42 8 42 52 58 75 67 27 60 
27 42 57 58 94 73 54 46 95 4 
34 77 4 41 21 42 13 86 64 66 
92 47 41 86 100 68 53 66 82 29 
68 2 4 2 66 18 87 43 17 91 
32 61 94 49 90 70 13 96 11 90 
41 60 75 15 44 45 72 12 90 15 
16 46 40 87 93 92 5 99 55 41 
1 97 54 100 80 72 61 16 26 86 
86 46 9 22 5 76 70 14 5 72 
18 21 77 18 12 68 16 11 32 78 
19 23 50 83 84 98 12 50 4 59 
66 27 11 65 64 72 20 96 23 98 
73 80 2 60 68 70 29 80 3 76 
51 84 66 85 72 69 99 38 73 46 
12 8 100 44 49 8 53 41 21 10 
56 24 39 78 62 80 90 72 9 8 
65 34 51 63 70 36 23 44 61 89 
40 78 25 77 56 83 85 67 65 91 
52 94 99 92 95 19 1 80 23 82 
6 3 15 62 44 24 73 62 11 59 
68 47 20 77 7 44 2 83 93 62 
63 92 28 48 93 47 66 74 55 86 
66 30 6 94 68 64 53 67 76 25 
48 86 76 43 6 14 13 100 78 33 
71 80 12 93 15 48 14 100 10 57 
65 4 93 50 39 76 76 12 10 87 
10 92 62 66 23 50 29 98 77 5 
36 48 46 34 28 43 51 71 94 84 
78 45 67 27 98 86 79 53 55 81 
68 22 33 51 26 7 91 40 2 18 
1 7 8 97 99 63 5 88 41 43 
45 78 19 38 68 28 66 12 68 78 
78 20 95 63 43 6 30 71 7 76 
77 68 74 70 86 79 24 57 54 93 
25 58 4 50 51 99 85 57 41 5 
61 10 80 76 94 77 45 10 71 37 
79 79 61 65 67 91 55 58 88 9 
49 78 62 67 9 41 65 93 17 59 
42 22 53 42 13 54 18 81 31 81 
57 66 96 17 14 9 34 97 53 59 
40 58 66 19 13 82 41 78 9 91 
25 58 55 66 42 49 29 26 94 20 
33 9 97 68 81 17 69 72 85 39 
41 93 65 54 50 35 70 27 24 90 
47 38 8 78 62 24 87 87 49 72 
95 60 26 21 29 10 26 8 10 38 
81 31 31 25 88 6 45 76 85 11 
27 28 100 30 31 86 44 43 35 33 
12 79 76 86 59 64 70 29 39 78 
64 14 6 68 44 54 60 13 54 41 
98 36 92 64 11 11 93 56 20 72 
96 70 14 23 58 2 24 5 69 40 
37 18 95 2 31 87 6 84 70 20 
93 13 28 64 25 71 41 64 7 19 
72 84 49 99 36 2 76 96 69 57 
20 32 43 29 28 37 86 74 90 72 
29 19 31 22 96 10 28 49 92 38 
12 78 82 32 34 59 93 50 15 8 
42 49 69 88 9 55 11 74 57 11 
5 97 9 97 96 58 62 2 27 72 
10 68 49 15 79 18 15 38 25 56 
19 54 26 90 62 16 36 55 7 74 
49 49 33 24 78 71 35 74 50 20 
84 90 19 63 26 100 47 20 16 9 
80 71 39 9 18 39 9 73 83 26 
85 58 21 39 75 72 96 41 13 2 
35 4 73 47 21 11 38 94 69 1 
45 75 23 12 59 99 34 32 40 34 
70 68 32 56 83 96 12 49 28 19 
57 30 79 23 92 90 42 79 29 37 
7 37 30 49 21 95 96 98 2 41 
5 56 25 16 65 61 21 49 66 20 
85 12 76 14 4 31 15 23 41 60 
8 73 55 1 43 26 82 39 78 80 
53 50 27 14 5 51 63 97 32 31 
55 96 40 64 65 42 27 82 9 87 
62 30 59 50 34 79 48 94 23 33 
20 83 53 35 69 40 29 80 7 88 
40 75 73 74 12 93 89 46 99 27 
9 21 42 20 61 60 63 65 21 90 
3 65 2 32 44 17 77 63 37 45 
32 17 65 23 78 69 68 85 80 37 
34 70 97 26 76 67 34 19 56 37 
6 1 22 38 9 59 58 46 30 98 
98 95 87 74 74 49 45 73 59 4 
4 21 42 8 56 92 36 31 60 74 
63 97 39 96 80 81 17 36 1 80 
64 22 7 65 64 26 96 8 89 43 
10 8 96 72 56 79 86 30 87 84 
84 83 81 56 52 10 82 46 33 71 
71 90 98 66 68 29 74 100 55 36 
48 11 7 46 10 76 32 93 62 22 
7 57 20 16 98 31 57 11 75 68 
14 4 29 44 10 79 21 68 49 46 
23 70 29 87 29 1 78 59 13 32 
78 72 22 42 12 51 34 84 98 72 
19 84 99 63 39 39 83 31 71 54 
98 70 47 92 67 29 73 43 65 58 
32 62 61 88 28 20 75 10 80 81 
92 65 42 90 33 71 9 53 93 5 
29 42 29 85 81 72 52 53 37 33 
3 1 78 26 39 87 23 31 58 66 
61 20 81 64 37 41 27 26 19 92 
28 2 31 4 65 83 3 37 79 2 
35 99 75 52 40 12 4 1 1 79 
41 43 97 55 86 83 23 42 30 14 
80 59 96 88 66 86 2 92 41 7 
32 76 30 32 86 91 49 25 24 64 
33 23 79 49 56 37 4 2 77 44 
50 61 85 66 97 83 13 70 98 40 
29 82 75 8 91 33 91 50 44 47 
95 31 64 64 60 92 41 78 9 88 
49 65 90 53 46 29 3 2 60 45 
38 83 5 66 20 93 13 74 46 20 
72 60 93 79 57 50 89 24 66 3 
66 61 73 67 70 7 70 36 94 1 
75 62 60 49 23 27 78 79 20 2 
17 47 18 99 62 14 48 40 93 41 
89 18 36 50 52 70 31 7 27 75 
62 9 47 54 92 90 29 10 75 7 
96 10 61 10 38 12 70 28 37 39 
61 86 3 77 81 34 27 19 16 81 
91 7 7 65 47 93 41 49 11 18 
22 57 58 5 85 4 99 51 25 23 
8 23 37 61 95 91 27 26 97 78 
83 13 39 11 5 1 51 98 8 52 
71 55 7 39 45 92 55 78 14 84 
75 58 78 63 4 16 35 56 80 17 
94 83 41 27 23 78 24 74 23 10 
1 89 3 5 50 12 33 47 31 49 
24 80 25 82 18 12 87 25 57 68 
86 27 26 21 76 62 30 82 5 92 
28 85 14 41 12 28 72 17 14 18 
22 63 35 5 61 49 57 53 25 18 
6 55 52 37 26 33 48 28 93 35 
42 41 49 11 70 85 22 88 23 68 
17 4 51 69 59 53 76 23 65 23 
26 60 30 97 57 74 9 6 80 91 
72 11 40 64 74 19 27 39 81 26 
36 44 13 74 99 15 50 35 70 67 
12 74 36 47 56 15 79 26 39 85 
9 89 87 44 51 26 96 41 29 64 
16 56 87 66 42 7 98 49 30 51 
76 69 14 14 28 75 21 40 65 62 
56 90 78 40 78 4 48 93 86 15 
93 72 28 88 60 73 13 16 63 22 
40 81 48 50 81 58 44 88 74 64 
98 70 73 8 20 21 12 17 33 92 
24 91 83 50 73 41 55 50 21 53 
18 72 68 34 75 13 87 83 12 50 
24 63 84 73 5 17 34 81 71 58 
15 32 99 41 66 64 95 43 29 100 
90 93 20 10 41 88 22 66 23 4 
36 100 42 49 14 47 40 90 93 42 
77 83 7 64 21 18 10 93 10 86 
16 95 36 54 65 95 61 41 63 42 
58 58 66 80 35 6 4 68 51 22 
32 84 66 56 95 45 68 50 12 60 
9 99 9 4 60 37 88 20 38 80 
88 52 18 97 85 72 2 31 74 61 
65 67 48 45 36 30 61 98 60 61 
68 11 45 33 17 42 45 61 17 18 
37 81 63 21 45 45 31 94 24 95 
23 82 58 94 72 28 33 43 75 67 
39 58 21 52 18 63 62 70 95 16 
58 35 58 68 26 4 78 21 64 92 
33 29 73 6 94 22 61 69 42 37 
23 73 95 2 12 8 88 7 62 39 
35 2 68 32 28 9 43 53 78 69 
1 75 64 35 91 85 78 52 35 51 
91 3 23 71 55 93 36 55 70 12 
67 9 36 53 90 97 88 21 48 97 
64 55 82 71 43 40 45 67 73 92 
37 44 64 61 61 94 100 90 74 42 
74 38 19 97 6 83 61 78 86 42 
87 88 32 13 86 4 40 53 23 1 
19 29 59 74 88 43 84 53 88 2 
81 86 26 86 64 99 73 13 20 91 
6 50 94 40 18 20 57 6 24 72 
41 75 73 36 87 86 17 86 39 88 
45 41 70 50 66 62 40 9 6 38 
61 100 20 64 32 4 59 27 24 1 
86 55 71 52 94 81 22 77 89 16 
40 64 83 74 32 53 4 80 9 85 
44 75 20 100 11 52 56 25 66 39 
55 61 8 29 49 8 98 71 30 17 
96 75 78 100 52 78 92 63 38 63 
45 87 75 68 66 93 33 99 8 41 
43 36 81 94 84 6 12 92 21 47 
39 51 16 70 40 77 10 24 6 51 
69 67 78 94 92 56 70 9 79 23 
99 7 14 65 11 55 59 62 98 91 
36 13 88 35 95 61 96 62 52 1 
85 3 93 16 10 50 22 56 41 26 
40 62 57 12 60 39 88 38 73 5 
44 29 42 20 34 52 19 36 85 100 
43 89 57 97 62 62 52 100 29 67 
15 30 79 70 6 83 36 62 1 81 
50 47 46 19 39 33 60 8 13 11 
55 46 57 24 27 3 12 94 96 35 
85 83 27 14 83 1 46 61 18 33 
1 9 9 41 48 92 95 43 99 74 
44 75 26 100 24 85 55 79 54 23 
49 31 71 98 45 90 93 50 76 89 
91 9 1 58 71 50 15 77 47 32 
98 29 39 2 50 30 3 49 28 98 
5 80 33 13 34 80 78 22 5 69 
10 43 82 86 32 52 76 93 17 17 
70 10 46 79 65 22 31 10 15 27 
30 28 5 87 87 52 34 51 30 26 
7 15 99 56 23 67 11 83 52 24 
11 89 53 69 6 66 83 2 49 25 
95 76 31 73 85 63 47 77 55 52 
52 50 14 94 39 11 83 85 78 91 
98 67 82 44 42 18 99 91 89 66 
4 69 3 24 56 93 87 41 85 39 
38 2 85 53 15 16 74 85 76 92 
59 100 24 12 16 62 39 9 45 2 
98 18 8 45 15 26 31 64 49 11 
13 79 30 15 84 29 70 24 48 69 
76 43 17 2 80 12 15 28 3 62 
55 63 64 19 33 50 64 59 56 77 
76 51 99 48 24 68 62 76 35 34 
10 27 11 75 46 80 23 16 49 69 
71 28 89 18 33 67 75 79 5 7 
66 82 68 51 99 90 46 89 34 64 
22 70 42 40 83 11 74 56 52 31 
92 9 86 4 56 31 46 12 26 93 
98 58 98 1 4 85 5 62 42 29 
5 35 74 96 13 83 34 52 11 68 
37 65 26 1 72 81 24 98 15 89 
42 30 96 3 56 56 38 68 5 23 
99 65 98 62 76 85 99 93 11 18 
90 66 28 34 17 5 49 41 36 63 
95 54 83 29 65 62 2 9 60 84 
55 25 38 76 18 50 28 91 72 61 
47 57 65 84 78 18 39 95 70 89 
29 37 96 87 62 12 55 89 3 65 
15 98 75 57 30 71 76 61 54 72 
72 75 24 56 8 99 79 66 50 94 
94 52 10 90 68 44 73 63 46 54 
41 48 22 56 41 79 19 14 33 28 
29 7 24 88 8 40 86 51 46 60 
13 95 57 32 32 72 99 30 81 14 
4 37 24 14 27 72 13 90 97 17 
9 62 87 44 50 71 38 88 20 52 
64 82 19 88 63 90 38 25 27 8 
63 66 59 12 29 15 100 13 15 18 
64 27 59 97 6 71 47 9 99 18 
9 10 33 23 38 13 69 1 85 71 
99 1 93 67 90 93 76 43 30 63 
24 87 49 32 71 44 50 9 72 69 
18 19 30 37 81 55 69 56 38 62 
4 79 66 27 72 23 38 12 100 54 
21 98 38 82 11 58 78 78 17 68 
11 72 55 66 58 84 72 6 4 12 
10 81 36 81 81 42 77 92 70 71 
97 11 60 14 50 11 11 31 32 29 
81 90 18 32 2 25 70 37 25 29 
38 98 66 78 96 41 48 60 38 70 
26 8 65 20 5 48 77 72 100 100 
12 47 84 42 59 92 20 33 65 63 
46 26 25 92 61 64 77 95 2 66 
77 36 62 55 73 3 98 22 29 92 
86 40 75 54 84 4 52 41 8 41 
48 57 5 39 48 98 67 19 14 78 
96 49 36 42 31 5 71 14 80 50 
63 40 25 100 52 84 45 56 55 18 
46 62 15 92 23 15 79 6 24 13 
52 80 39 28 85 97 55 62 95 31 
54 19 76 26 69 72 36 74 85 2 
86 96 55 80 29 12 79 54 50 39 
53 16 23 88 60 55 70 4 93 14 
32 15 78 65 82 30 11 31 50 52 
18 7 7 65 65 78 98 86 46 88 
65 2 65 57 66 57 42 18 29 36 
34 72 3 10 66 40 99 43 22 34 
87 10 49 13 44 32 79 34 7 56 
61 69 84 65 4 27 77 21 92 97 
21 24 12 53 59 40 27 17 97 65 
43 13 10 84 74 66 48 70 82 45 
84 90 82 17 23 88 79 15 25 18 
41 44 85 76 18 65 25 85 45 38 
10 56 61 83 64 17 69 21 58 46 
28 18 28 82 13 13 2 82 13 1 
66 69 70 8 59 65 96 79 21 5 
63 97 64 90 4 5 20 27 33 66 
16 37 3 67 36 11 36 84 5 79 
50 28 23 22 63 71 90 87 50 76 
33 40 51 69 73 60 8 51 23 65 
99 78 57 34 66 60 67 41 81 22 
12 32 30 33 57 97 59 3 21 92 
61 11 52 57 15 70 40 44 93 20 
17 10 59 19 16 69 14 67 13 71 
85 19 27 48 6 55 3 86 96 11 
74 6 24 61 64 42 68 24 28 17 
48 29 76 79 29 51 71 47 33 54 
80 55 72 79 15 27 89 96 54 65 
68 59 96 93 52 34 73 9 78 51 
7 28 84 30 75 9 76 24 33 43 
82 73 77 99 65 23 70 46 91 26 
65 66 56 40 63 12 96 22 4 27 
8 56 28 68 18 14 44 46 86 76 
70 53 77 78 67 68 50 1 69 8 
32 21 81 92 15 56 79 99 71 4 
45 1 71 49 15 49 64 98 72 83 
41 66 58 62 51 75 47 59 77 51 
92 22 1 15 9 9 19 69 68 62 
72 97 31 77 3 28 19 96 76 74 
6 76 82 66 33 18 39 28 92 90 
99 64 24 83 45 62 10 83 78 38 
26 95 68 16 3 56 100 60 82 21 
25 21 38 81 40 97 31 64 37 75 
40 30 40 96 71 32 85 74 71 71 
9 35 73 31 61 66 68 18 86 57 
71 18 72 12 81 46 49 45 96 88 
5 10 19 50 39 3 38 23 23 88 
13 34 28 64 85 4 54 99 26 15 
80 83 14 17 68 86 95 94 31 52 
96 82 28 69 50 96 85 93 82 67 
45 24 28 42 47 89 54 41 88 62 
59 74 63 7 27 70 45 65 51 71 
51 77 75 51 77 93 56 91 71 67 
93 26 78 86 31 88 45 62 84 71 
5 52 20 21 71 95 70 12 23 34 
38 87 13 20 65 95 16 82 66 59 
38 87 61 96 67 65 18 28 31 24 
23 65 59 53 52 3 8 89 99 67 
3 84 15 76 56 29 22 45 38 84 
24 39 57 59 96 37 15 78 34 46 
97 2 23 36 9 5 44 83 78 88 
10 56 92 41 95 72 2 68 90 9 
70 18 81 49 70 14 68 74 6 96 
23 62 7 79 40 82 60 79 83 62 
76 40 59 22 14 14 41 56 9 26 
17 83 56 97 18 11 43 92 11 30 
80 28 20 63 68 57 2 78 43 43 
71 81 67 17 42 38 25 54 86 21 
66 53 64 20 36 20 70 58 70 33 
71 50 26 90 5 67 6 92 30 62 
90 51 44 22 11 92 95 35 6 3 
50 5 40 83 17 56 75 61 1 74 
27 66 31 13 63 14 8 80 7 26 
30 22 37 89 39 46 84 23 94 33 
88 6 52 61 81 63 21 94 100 98 
33 91 60 41 86 100 15 3 70 24 
64 88 63 86 37 73 51 13 85 28 
87 73 27 38 76 12 11 49 4 66 
35 15 51 29 87 96 90 30 58 90 
54 45 44 3 18 3 92 49 93 3 
99 46 79 94 80 21 47 64 39 97 
95 33 97 61 46 8 1 30 30 67 
9 18 77 68 69 98 45 65 97 71 
73 56 38 81 32 37 70 52 89 60 
93 96 28 6 93 28 15 84 86 71 
69 40 99 36 22 21 5 81 37 50 
53 19 14 75 98 13 39 29 61 98 
89 71 81 96 9 33 59 23 89 9 
34 67 89 72 24 20 78 92 9 24 
83 84 54 71 20 90 83 6 48 34 
65 28 83 47 90 91 16 83 23 84 
90 66 24 51 21 48 93 1 20 77 
5 99 17 79 63 13 65 44 100 100 
56 57 7 10 20 94 29 40 54 95 
50 60 58 97 2 89 1 67 1 29 
54 100 52 83 41 90 88 65 70 24 
26 60 73 49 78 19 64 66 94 79 
40 50 7 66 50 24 18 47 5 1 
84 77 52 77 44 10 33 97 54 93 
17 83 81 37 49 19 50 44 98 77 
97 52 5 35 22 36 17 88 72 100 
45 75 70 44 19 96 3 50 87 65 
36 70 14 42 97 99 46 46 72 93 
19 40 37 7 64 23 55 79 52 66 
74 52 29 56 56 8 31 44 62 66 
89 65 26 59 16 43 13 30 61 2 
15 26 66 19 40 73 71 24 3 86 
55 60 82 47 45 25 73 1 51 11 
24 22 21 34 52 6 60 27 90 30 
27 24 31 70 64 42 12 92 72 33 
33 46 89 79 93 41 25 93 25 49 
95 75 71 6 61 39 23 20 21 10 
4 51 50 35 36 53 24 61 42 42 
93 87 58 75 90 19 87 31 41 9 
93 90 56 69 57 95 95 81 18 33 
12 96 31 30 52 36 55 89 19 43 
1 22 49 5 52 8 67 95 80 27 
61 55 72 48 10 29 83 11 26 54 
25 8 61 68 79 46 84 78 11 76 
81 78 51 96 15 4 97 2 12 33 
32 71 13 46 6 89 20 84 73 44 
18 57 17 62 82 92 75 86 41 69 
4 30 4 5 34 89 77 54 12 53 
40 48 58 34 33 47 47 75 99 64 
66 25 18 83 57 62 38 27 80 36 
9 46 3 61 35 51 83 19 98 34 
38 24 60 31 67 36 81 12 92 62 
14 49 24 22 52 82 13 9 19 100 
58 28 10 92 15 3 96 65 26 32 
54 85 82 32 3 44 63 37 5 41 
84 88 65 1 97 79 79 54 97 75 
69 61 77 4 74 76 12 52 19 84 
78 74 89 50 64 1 90 97 53 22 
54 85 3 11 58 71 6 76 95 42 
14 84 69 68 28 93 64 61 18 81 
9 2 60 79 50 2 60 74 60 52 
27 49 34 52 89 75 75 47 86 42 
4 30 71 55 59 70 53 16 72 20 
58 6 98 36 36 78 83 88 15 36 
34 99 59 32 94 39 51 45 60 72 
43 71 42 87 64 25 94 83 54 88 
82 88 91 31 57 82 26 71 55 92 
79 59 39 59 2 94 30 21 16 57 
70 16 19 13 5 52 78 93 7 35 
68 41 37 93 17 27 83 24 50 99 
86 95 35 42 76 16 16 59 59 70 
5 75 48 1 27 15 1 73 91 96 
65 26 50 75 35 72 44 23 83 13 
95 36 20 60 44 26 85 70 16 11 
47 19 36 46 91 36 95 57 34 43 
13 50 68 100 90 2 19 44 41 19 
9 35 55 16 97 12 72 67 5 28 
63 42 32 72 95 87 34 13 71 75 
28 37 20 15 82 29 42 71 53 97 
95 22 79 21 96 22 65 86 6 16 
48 48 73 61 88 95 42 26 26 52 
46 66 23 84 22 98 40 65 75 52 
97 16 63 17 82 46 98 90 92 46 
14 26 55 85 26 91 76 70 95 70 
79 9 81 72 67 51 89 15 13 47 
29 39 3 33 31 27 45 52 75 56 
11 85 85 96 6 90 38 51 53 9 
28 92 40 44 8 11 80 79 37 88 
82 85 19 63 23 50 41 45 21 65 
13 44 36 26 50 56 80 9 24 99 
66 91 100 75 18 37 31 66 58 35 
44 3 30 89 74 72 37 61 60 95 
89 6 86 7 96 38 65 40 69 80 
46 14 74 12 87 92 8 68 1 97 
57 11 16 12 35 36 74 78 29 30 
45 29 27 15 51 11 83 56 38 80 
30 84 34 49 47 61 78 95 18 52 
100 88 10 72 84 93 77 71 83 17 
55 56 55 54 99 96 23 62 37 76 
34 17 39 49 84 66 91 97 64 60 
65 35 82 79 75 41 4 92 17 100 
69 26 87 87 14 35 14 69 49 39 
31 87 48 19 47 99 14 51 48 1 
21 22 65 95 88 87 21 54 77 38 
74 20 27 23 18 72 14 39 35 10 
92 14 91 40 64 58 87 10 62 98 
65 52 61 66 25 89 57 43 100 32 
42 78 17 91 43 34 34 90 75 43 
91 99 21 19 30 52 43 45 62 58 
53 77 17 54 29 87 98 34 23 42 
37 83 23 45 18 44 95 42 88 10 
42 43 14 48 72 15 13 42 27 5 
17 35 71 75 22 44 80 74 43 60 
52 46 14 69 52 46 68 25 55 35 
60 27 34 75 75 28 52 56 18 59 
98 69 15 89 72 73 55 49 38 99 
29 60 49 91 93 17 2 23 8 29 
41 54 63 81 36 30 75 97 51 44 
50 90 36 66 1 3 31 37 36 90 
4 41 60 58 94 71 56 64 36 38 
9 71 39 53 19 49 55 36 97 17 
35 30 50 51 19 56 35 31 25 57 
85 62 21 13 39 62 10 7 93 64 
22 83 19 13 54 90 49 86 35 47 
45 65 17 74 88 26 1 38 47 23 
74 31 66 17 5 19 50 59 19 96 
10 96 17 76 87 89 26 67 82 1 
24 21 81 90 8 36 70 25 26 54 
28 77 46 21 46 44 40 26 86 35 
3 57 37 5 68 55 13 68 51 38 
16 69 78 23 34 14 74 20 63 89 
44 21 64 3 69 38 47 66 63 44 
34 73 75 77 92 98 67 72 48 14 
40 94 65 74 22 24 39 38 37 19 
54 24 89 22 35 30 82 98 4 16 
81 42 19 40 58 3 13 48 90 4 
21 12 47 92 91 65 95 57 17 70 
98 43 21 21 64 91 54 82 70 25 
13 65 82 19 49 5 46 36 42 22 
34 83 59 63 94 22 80 13 54 78 
15 74 29 6 62 69 9 88 97 75 
37 44 58 73 23 89 63 89 1 89 
9 37 34 45 87 38 86 70 50 75 
26 34 2 89 38 3 19 91 97 19 
99 93 83 2 7 13 99 8 42 94 
88 15 97 87 34 77 21 100 42 10 
67 58 91 90 57 69 24 38 7 28 
63 10 33 99 51 66 85 96 2 94 
9 17 7 64 78 83 39 64 84 73 
39 100 25 95 33 46 98 88 40 44 
62 95 51 22 42 59 75 94 78 79 
20 17 60 2 85 94 55 34 60 25 
24 8 26 51 30 60 72 41 93 68 
98 47 19 84 6 42 31 52 73 89 
63 81 58 85 21 57 48 88 14 38 
1 14 66 75 53 7 25 12 57 24 
47 31 74 84 60 100 74 19 83 37 
18 28 68 15 3 3 73 78 94 78 
74 99 42 96 81 92 36 97 93 8 
87 15 72 11 76 12 16 70 1 33 
2 83 45 69 93 88 67 99 47 76 
68 41 59 60 48 66 22 61 25 31 
68 58 3 93 23 94 91 14 11 58 
39 99 86 35 80 30 87 72 71 73 
40 73 30 31 65 81 86 10 13 68 
86 99 57 58 51 67 56 69 56 50 
17 5 50 66 53 79 13 13 12 84 
13 100 15 84 99 46 96 59 20 69 
53 42 24 36 80 35 17 24 88 68 
59 60 74 47 72 93 63 28 37 80 
25 39 63 77 46 76 48 81 52 49 
59 62 91 87 55 53 33 45 40 18 
51 43 4 57 46 23 84 26 1 30 
87 30 10 65 1 56 61 34 69 7 
25 83 78 90 38 19 55 41 47 89 
89 18 72 1 62 67 25 37 67 35 
46 9 45 87 96 91 85 28 57 11 
42 95 55 86 49 61 14 14 75 69 
76 46 15 11 24 76 94 68 79 69 
80 72 35 29 77 32 93 88 5 94 
93 17 91 58 94 45 52 39 97 88 
84 22 91 13 22 27 42 39 100 79 
8 64 35 47 96 73 68 31 79 97 
25 77 22 37 7 49 74 65 32 71 
76 12 62 89 48 44 22 31 95 73 
84 80 12 6 24 81 100 79 70 42 
72 53 47 47 52 35 91 21 91 81 
84 33 82 68 37 17 51 46 100 67 
54 72 18 99 11 34 95 73 51 1 
87 44 82 93 29 2 14 27 55 32 
85 74 100 15 9 98 16 29 60 81 
95 22 40 94 37 28 89 92 97 81 
26 61 94 85 87 16 74 30 100 8 
31 32 48 59 40 3 13 32 5 31 
75 1 79 17 72 56 26 100 54 52 
57 2 13 57 40 33 21 70 2 48 
95 92 59 88 12 60 5 62 23 12 
86 83 76 90 80 87 7 38 5 41 
39 99 76 32 3 62 77 20 30 100 
18 76 11 42 58 81 70 94 82 31 
94 51 64 91 83 37 91 45 72 96 
10 49 34 65 73 66 21 1 17 50 
48 17 1 13 35 85 45 97 40 36 
63 95 39 37 42 25 77 82 55 99 
88 70 88 39 84 33 31 89 70 76 
80 96 54 26 43 65 24 51 44 49 
99 98 65 78 69 10 50 71 84 11 
52 97 39 84 76 3 73 3 53 40 
7 16 69 21 3 82 4 1 61 54 
11 38 11 97 75 15 93 2 62 43 
33 3 91 54 72 34 95 61 2 12 
56 36 27 48 81 69 1 1 73 4 
11 95 21 35 77 25 65 99 71 77 
11 8 60 31 87 42 7 100 26 6 
9 63 94 13 47 98 80 96 27 48 
41 24 85 10 87 52 75 4 56 50 
90 67 89 74 98 25 40 55 77 45 
16 48 55 20 50 3 90 9 34 74 
49 26 28 74 8 35 49 13 35 73 
14 47 51 31 55 13 61 29 18 35 
66 87 91 53 21 64 69 21 49 49 
2 63 26 60 83 1 91 66 83 30 
95 21 17 19 1 7 27 58 6 57 
26 7 33 32 68 32 85 6 57 8 
79 37 77 76 16 61 69 78 11 43 
60 84 29 22 9 13 96 17 23 63 
62 84 75 30 39 77 71 17 21 59 
24 35 17 94 95 63 74 37 94 17 
92 74 30 37 27 72 44 31 70 31 
36 90 47 47 1 21 3 51 40 100 
7 18 81 39 58 73 24 70 68 1 
10 81 33 30 63 15 51 61 100 51 
96 3 17 38 86 32 89 80 14 84 
99 41 21 16 49 76 71 56 100 32 
42 64 6 3 22 41 96 93 11 64 
40 61 96 18 48 11 24 59 70 26 
71 57 11 13 86 20 7 45 36 4 
34 89 72 23 89 67 60 41 8 99 
93 46 93 42 22 48 99 29 39 58 
88 76 83 2 5 90 53 98 51 19 
92 41 43 38 78 81 35 24 31 92 
49 13 11 9 17 30 74 29 87 81 
57 16 59 50 93 42 25 90 52 51 
21 82 32 3 31 45 4 82 97 7 
46 44 25 88 91 49 62 57 70 93 
88 57 44 70 72 59 62 83 6 12 
54 86 46 37 47 38 86 52 66 55 
26 80 13 10 5 66 40 28 48 10 
37 20 18 87 82 2 30 68 21 36 
78 4 6 27 81 21 9 46 15 58 
88 83 90 94 50 54 1 69 45 93 
65 82 81 50 36 2 62 40 13 45 
3 8 91 62 58 63 10 38 27 34 
56 62 14 35 65 18 54 24 73 84 
72 41 47 65 74 14 71 54 15 15 
14 93 71 9 18 35 65 18 49 36 
17 8 35 67 37 10 32 88 83 56 
96 67 8 82 41 54 41 18 55 55 
3 79 80 5 82 33 35 5 11 74 
43 70 2 34 76 14 63 60 82 11 
93 22 3 2 41 48 64 46 9 52 
40 73 73 53 3 5 16 53 17 94 
19 21 27 16 39 26 33 44 1 14 
31 16 99 46 58 61 19 6 98 80 
80 1 65 65 16 64 51 68 48 94 
22 97 43 39 93 43 63 58 8 50 
83 32 92 91 2 15 29 93 34 56 
45 49 87 86 19 85 18 48 61 23 
87 14 88 62 30 19 90 47 11 59 
47 74 97 16 63 59 50 23 95 96 
14 47 40 81 4 93 95 11 82 94 
8 82 24 70 68 21 52 73 53 8 
10 77 72 26 12 100 22 9 17 80 
89 76 58 18 88 43 71 99 74 30 
12 13 36 52 43 86 25 23 5 26 
70 45 53 24 79 89 22 32 29 61 
42 20 80 84 100 57 68 85 15 76 
47 90 68 30 33 34 29 13 73 98 
41 37 10 95 84 88 2 36 77 59 
34 86 95 41 33 36 11 41 88 40 
9 84 64 68 74 16 52 83 94 81 
62 32 4 19 83 46 62 89 15 33 
63 89 55 45 40 16 87 36 28 41 
88 7 64 22 43 50 1 36 80 33 
21 1 25 32 46 83 51 81 7 82 
99 29 1 55 68 53 14 41 76 49 
69 6 13 56 9 32 74 38 59 93 
94 9 39 100 26 34 11 17 82 89 
8 73 70 13 36 72 27 56 37 28 
30 89 39 59 46 64 51 29 49 54 
51 31 88 14 35 72 28 62 43 18 
54 42 5 81 60 36 18 69 90 79 
56 53 26 74 94 41 27 62 31 36 
70 68 49 91 20 58 74 7 17 40 
55 77 97 19 9 81 44 42 13 84 
60 89 23 68 19 19 74 87 53 19 
56 42 51 47 25 68 29 46 43 14 
19 29 37 87 22 53 20 90 95 99 
35 88 69 28 91 64 68 64 87 73 
86 3 79 60 65 7 56 23 24 81 
3 97 7 35 54 99 86 39 4 13 
29 19 50 3 6 65 100 99 76 33 
93 40 88 89 51 56 100 89 28 59 
52 5 74 76 28 96 58 5 27 58 
2 64 6 11 25 61 98 67 81 76 
12 78 69 79 47 90 25 55 32 95 
26 28 81 11 67 91 72 75 69 6 
83 98 100 76 98 93 75 62 65 83 
63 22 68 64 49 58 9 54 25 25 
64 95 74 23 51 6 2 70 29 44 
76 18 38 51 50 73 4 51 74 59 
83 49 81 2 56 14 62 2 28 40 
26 66 49 40 32 91 66 24 80 17 
20 63 69 67 30 16 71 79 81 68 
49 100 49 21 36 100 87 31 89 11 
79 29 52 82 59 46 32 88 35 54 
37 72 9 65 18 59 33 22 28 93 
21 72 96 95 2 98 23 49 50 1 
52 87 43 37 16 76 50 49 51 91 
98 67 40 90 68 28 5 2 2 44 
76 5 84 83 30 99 74 5 95 27 
21 23 5 1 99 23 2 70 14 5 
67 68 73 56 37 89 100 90 47 83 
9 3 36 66 57 13 49 57 26 53 
51 95 100 50 86 14 91 56 13 19 
34 35 17 98 70 13 85 19 14 78 
9 30 55 15 40 99 89 11 100 67 
5 99 12 72 7 20 60 40 55 72 
85 50 27 49 86 89 84 41 80 93 
82 4 21 100 11 4 95 42 12 28 
79 61 23 99 66 80 45 75 4 63 
68 38 16 12 37 25 88 77 59 98 
25 7 64 48 89 56 33 77 89 97 
94 59 62 54 16 96 8 26 19 54 
13 93 92 11 31 46 60 66 29 35 
64 97 45 6 79 38 95 82 62 66 
95 73 15 14 9 6 89 23 42 21 
29 76 34 81 26 46 97 50 27 92 
71 31 53 93 83 36 21 79 1 35 
92 77 16 46 94 25 44 1 9 20 
77 75 55 11 61 16 71 57 11 77 
71 3 31 4 96 20 56 10 36 25 
42 74 34 92 54 92 20 62 11 100 
8 18 49 78 76 75 28 52 61 69 
32 95 44 36 66 74 77 42 39 43 
28 50 73 84 33 8 86 11 89 90 
62 95 3 2 65 59 93 14 57 81 
15 41 93 40 74 49 91 30 55 17 
49 9 99 61 44 76 91 12 90 11 
13 58 69 45 9 76 89 87 18 74 
83 5 97 99 5 59 21 32 57 91 
30 43 9 23 47 66 46 31 94 29 
18 20 51 49 56 74 82 11 54 88 
11 1 13 79 56 16 42 98 64 4 
50 9 38 40 80 68 62 81 78 28 
85 35 61 37 40 19 23 31 6 100 
96 59 52 25 65 8 2 4 16 68 
52 5 36 93 55 58 58 38 70 27 
30 91 9 77 80 44 45 68 78 19 
2 47 30 8 60 29 94 34 45 22 
40 52 33 27 41 6 46 67 26 91 
75 98 89 61 80 4 58 47 87 68 
13 46 77 91 97 78 36 1 96 89 
97 31 14 8 83 38 76 53 54 75 
100 40 19 88 19 97 37 16 40 8 
25 99 97 37 11 49 96 51 56 30 
55 80 81 54 69 2 30 43 1 45 
52 91 65 42 8 60 52 68 68 64 
69 73 29 82 44 7 29 25 92 86 
84 54 55 71 85 68 77 31 13 80 
19 35 14 43 97 15 83 54 64 92 
78 29 30 63 85 12 67 69 93 70 
52 34 99 91 47 79 89 69 59 91 
5 15 76 89 78 99 43 92 92 6 
7 80 66 91 42 54 30 5 3 86 
1 53 25 1 31 51 85 55 53 13 
71 66 50 27 31 46 55 6 72 12 
59 9 21 50 40 81 34 14 71 81 
58 55 53 98 87 65 62 84 44 3 
78 75 88 88 31 20 80 75 70 25 
43 17 7 5 62 50 16 84 89 95 
31 68 97 55 63 80 56 67 40 58 
80 32 19 99 59 97 42 94 11 55 
38 68 88 30 38 44 50 84 31 100 
68 13 69 38 45 58 89 60 83 84 
3 71 13 61 93 51 59 17 89 94 
56 47 87 50 69 87 94 29 97 57 
48 28 11 48 14 72 64 9 79 21 
54 22 17 8 60 55 54 57 25 4 
9 46 23 13 33 96 91 67 35 60 
83 33 35 53 93 19 34 92 68 67 
55 28 41 82 28 62 67 97 96 22 
76 5 54 44 20 68 41 41 93 55 
67 69 36 31 61 2 26 92 21 88 
59 76 87 5 77 99 74 3 75 60 
58 9 69 70 47 71 79 45 50 11 
56 68 8 12 48 63 97 4 23 57 
94 55 91 37 98 36 54 23 15 33 
12 15 1 55 95 89 5 59 48 47 
28 71 63 96 63 42 87 10 7 19 
36 88 90 17 54 58 96 20 15 77 
69 11 22 62 56 52 3 39 89 92 
47 43 83 76 56 24 48 49 65 19 
15 71 16 15 73 30 42 13 58 14 
5 96 66 26 77 82 71 7 72 96 
48 98 40 60 80 80 23 68 15 71 
83 98 98 11 56 91 47 59 53 29 
83 73 79 62 11 40 18 62 50 81 
11 53 77 78 15 90 22 44 89 80 
75 75 95 48 55 8 99 20 15 74 
97 63 31 30 14 45 8 30 87 38 
78 38 92 12 39 31 36 98 29 67 
97 20 26 69 42 12 66 41 22 22 
23 49 5 89 58 73 21 7 9 57 
81 67 41 41 82 34 53 12 59 79 
14 86 20 56 66 69 57 87 64 28 
40 9 21 3 88 6 77 6 65 6 
53 60 57 25 86 95 97 98 76 43 
53 78 36 89 86 79 32 52 42 92 
96 70 94 57 14 56 4 95 51 16 
1 67 49 99 89 14 10 88 46 90 
8 92 92 2 95 12 78 87 11 68 
58 99 6 18 51 85 1 76 72 27 
24 23 38 58 37 18 54 61 71 95 
77 29 16 61 21 3 67 18 29 35 
33 39 54 81 58 38 32 27 80 40 
76 91 93 33 35 51 89 9 93 67 
100 57 73 34 37 63 61 50 45 11 
22 18 20 60 84 45 13 43 20 61 
49 86 4 90 1 68 89 90 57 85 
12 58 37 34 82 35 84 27 6 58 
12 65 17 57 41 91 38 68 14 48 
80 81 25 24 96 5 76 61 79 51 
92 64 77 26 83 93 38 58 78 100 
61 28 32 62 76 68 63 96 46 93 
29 18 60 41 60 9 36 66 2 19 
18 25 23 16 62 65 17 99 94 16 
54 94 67 39 26 71 84 44 92 39 
2 85 34 89 15 10 74 85 55 60 
20 11 58 54 46 4 17 30 75 3 
93 73 35 17 62 31 89 99 60 55 
38 9 4 3 2 100 1 32 78 76 
23 24 13 9 38 12 81 56 81 6 
49 43 52 61 4 89 44 69 21 91 
1 73 54 48 26 23 16 41 51 83 
73 86 63 96 41 64 70 69 83 20 
65 59 8 17 62 16 34 62 51 80 
90 87 94 68 48 94 95 82 49 89 
65 71 91 96 35 88 89 41 39 75 
85 9 39 5 15 81 1 30 1 21 
57 69 1 22 32 67 72 26 46 15 
83 7 26 52 100 8 68 11 8 68 
93 47 71 13 70 58 34 44 89 63 
88 20 80 23 53 61 66 86 85 8 
13 82 56 85 42 86 3 4 36 45 
54 20 3 21 49 26 29 49 86 90 
43 59 41 73 54 30 6 60 58 32 
100 92 3 16 31 11 19 53 25 99 
48 46 35 98 70 41 55 63 98 55 
26 27 46 53 14 67 78 47 37 42 
8 23 89 31 80 77 45 59 34 8 
62 53 28 88 16 2 45 31 40 56 
40 30 38 70 19 7 16 38 43 22 
85 44 9 37 76 83 91 63 93 55 
61 97 18 74 60 60 100 91 81 3 
17 49 23 70 42 24 18 87 78 7 
83 13 62 94 89 11 5 74 42 93 
35 3 4 70 41 91 64 92 35 46 
33 85 54 2 55 94 19 76 30 87 
10 84 69 34 4 7 11 81 23 91 
100 84 71 29 94 44 66 10 49 87 
74 75 58 4 7 8 76 50 56 23 
87 25 42 95 32 77 52 100 55 27 
59 26 65 6 26 19 44 23 54 85 
1 78 3 93 23 70 87 1 5 99 
93 61 86 46 11 11 6 57 9 28 
94 97 45 31 77 82 18 45 34 59 
5 95 21 36 64 77 25 73 72 19 
4 12 7 14 79 2 69 100 58 54 
67 65 12 47 53 43 12 53 2 81 
59 24 11 60 38 73 5 34 99 43 
88 57 40 45 36 21 61 17 76 42 
20 61 2 57 16 97 66 24 90 18 
47 89 19 74 80 16 82 26 64 34 
2 94 4 95 53 43 46 66 85 7 
59 61 52 29 59 60 91 11 61 52 
55 98 31 17 3 73 3 51 6 95 
59 18 82 7 47 85 55 5 93 15 
66 68 3 17 38 86 73 55 44 48 
38 30 79 64 89 62 94 61 85 82 
27 6 22 69 62 98 7 40 51 80 
11 34 29 23 80 19 46 29 57 94 
40 30 93 30 86 16 93 36 85 21 
34 31 27 38 59 53 38 99 82 82 
47 27 10 40 77 86 90 46 84 6 
13 37 94 35 62 100 84 75 24 59 
84 67 1 76 64 68 16 27 55 2 
61 5 4 23 98 60 11 83 21 42 
100 15 75 95 31 45 76 84 45 40 
57 38 34 93 32 72 76 78 96 23 
21 47 99 92 2 99 61 75 30 52 
80 23 66 43 6 37 58 82 68 91 
22 56 24 94 8 21 69 11 33 39 
99 84 47 81 66 39 13 95 65 45 
11 31 48 41 2 27 79 94 68 55 
34 95 17 26 77 66 29 61 61 98 
9 44 10 31 62 22 48 46 81 8 
9 33 85 41 85 72 92 97 81 75 
100 72 70 98 39 59 97 100 65 94 
44 59 34 28 52 47 69 16 82 57 
3 33 73 36 45 50 34 21 32 52 
28 36 71 37 47 27 24 57 59 38 
42 96 97 84 15 40 49 29 16 77 
72 13 89 50 54 18 87 34 61 78 
86 1 72 49 65 46 54 34 21 31 
55 24 37 19 94 27 39 35 97 49 
25 3 98 69 52 68 23 22 94 9 
44 9 47 51 1 41 9 71 63 95 
52 98 70 75 40 67 73 18 8 37 
93 90 97 79 71 56 29 59 64 13 
50 83 8 97 25 15 96 25 3 3 
70 91 6 80 46 7 43 32 91 12 
93 67 80 66 71 17 1 20 46 94 
13 39 92 8 89 98 49 44 77 92 
12 72 23 4 24 25 25 67 2 65 
23 46 58 80 38 18 41 13 86 56 
100 77 15 67 52 51 70 77 27 50 
42 55 92 72 49 96 84 8 31 5 
15 20 19 54 87 85 8 33 3 55 
58 5 92 20 53 46 29 94 81 88 
16 58 25 66 74 85 45 90 88 41 
95 66 45 79 9 33 55 57 93 81 
58 95 39 9 72 80 83 44 100 59 
12 37 18 59 17 100 59 37 51 94 
30 89 52 37 34 92 42 60 52 44 
53 55 1 73 19 74 90 73 50 56 
64 96 12 2 86 46 66 46 42 5 
87 76 24 47 89 72 22 49 90 2 
17 67 84 62 37 49 35 54 60 9 
5 91 81 91 89 65 45 66 61 56 
100 29 81 84 20 79 83 44 22 87 
100 47 54 53 71 31 42 94 79 19 
24 11 44 81 93 13 90 17 61 59 
96 33 44 45 100 3 12 70 52 64 
74 59 66 19 83 23 41 6 67 42 
39 56 29 76 59 65 69 66 96 71 
60 30 21 58 43 37 93 23 3 31 
15 49 13 79 42 70 52 100 30 38 
76 83 94 14 10 6 71 48 52 58 
39 45 24 87 52 31 56 69 60 46 
52 19 84 7 35 11 29 41 85 44 
67 4 58 90 86 15 37 65 47 25 
44 77 79 4 23 20 48 99 96 69 
40 39 33 17 92 41 61 61 95 6 
18 88 99 44 65 75 25 21 57 44 
71 9 5 39 64 33 4 55 77 79 
50 97 51 30 65 82 38 4 83 64 
79 47 31 40 94 13 92 75 95 58 
61 19 44 84 20 35 93 91 98 88 
83 87 23 28 11 7 15 77 14 24 
40 76 26 55 40 74 48 56 76 76 
30 56 95 66 81 86 64 71 19 30 
87 90 54 14 38 56 77 67 85 54 
73 32 13 68 52 98 90 64 94 53 
76 62 4 90 86 14 6 66 98 78 
90 22 33 65 79 37 24 15 33 92 
26 58 1 65 85 22 89 84 99 94 
27 63 45 59 78 24 66 3 63 61 
10 79 98 60 38 98 1 36 49 18 
62 96 34 20 40 67 45 20 13 94 
100 31 43 19 14 46 56 95 27 72 
1 50 15 39 58 14 89 24 77 74 
36 25 98 94 65 41 22 13 44 99 
59 78 93 71 79 8 60 3 18 5 
60 37 23 34 85 95 40 58 46 43 
77 32 89 20 39 98 99 100 49 40 
95 40 4 10 39 47 13 100 26 97 
56 72 11 7 41 93 21 89 34 70 
80 92 87 38 86 67 46 20 55 61 
31 36 21 17 96 41 60 58 39 5 
81 54 21 58 95 61 64 51 47 26 
28 76 73 62 46 23 100 26 74 9 
11 5 23 100 55 47 7 91 97 48 
73 3 4 84 34 17 76 11 83 95 
2 26 12 79 92 38 99 8 17 45 
57 55 90 51 22 9 40 89 68 72 
59 82 93 87 56 36 71 96 34 74 
86 82 19 25 29 40 69 67 73 68 
93 24 37 16 20 12 7 39 73 97 
85 89 28 60 33 61 65 38 87 64 
65 85 81 55 85 38 30 37 100 10 
32 37 67 42 7 7 82 91 42 17 
6 22 36 52 69 8 81 41 70 2 
32 63 69 5 49 63 33 43 16 76 
49 22 44 77 88 61 95 28 42 96 
79 20 74 56 6 43 43 48 83 30 
59 100 48 11 11 41 29 10 30 22 
18 23 88 51 74 48 19 39 92 99 
93 68 66 83 9 98 94 36 56 60 
81 1 77 60 64 22 25 38 65 19 
1 73 82 100 77 38 53 39 9 26 
52 16 39 70 100 36 61 50 58 5 
86 27 22 61 16 70 68 26 96 59 
29 7 77 74 94 54 68 62 9 50 
61 68 61 44 16 71 96 37 51 26 
84 18 40 1 10 84 35 94 19 62 
24 60 82 26 35 71 43 18 25 63 
38 77 56 90 36 5 20 10 47 70 
49 7 53 81 65 15 2 87 18 23 
6 50 73 66 47 79 38 78 41 74 
64 86 25 59 2 48 4 69 24 7 
48 68 27 1 65 47 31 36 13 17 
51 71 78 71 60 8 40 87 39 28 
16 35 85 55 1 33 82 82 43 31 
38 3 19 19 16 96 19 25 36 17 
91 12 79 80 32 39 99 74 78 90 
86 17 27 46 1 49 22 78 4 28 
15 99 75 73 28 75 25 32 1 70 
86 73 84 61 52 91 67 8 79 97 
40 99 2 17 52 90 42 4 13 43 
77 50 9 13 55 50 71 79 41 89 
77 65 64 20 93 19 42 5 97 17 
17 69 62 19 19 52 17 63 21 20 
89 52 41 87 17 66 43 9 57 40 
37 27 100 69 58 91 1 91 49 64 
84 50 91 49 77 42 26 41 90 77 
66 18 50 76 31 45 30 32 17 50 
37 45 80 22 1 87 87 93 88 93 
23 45 14 11 74 33 79 59 23 98 
5 56 50 38 40 20 43 10 30 17 
91 26 56 51 79 97 78 32 77 75 
3 13 31 88 19 44 75 73 70 11 
85 2 72 13 15 74 92 56 86 36 
7 32 7 21 76 74 45 78 85 57 
99 56 25 54 43 9 37 34 88 66 
42 54 57 24 52 34 82 77 21 4 
24 5 78 45 71 53 99 53 31 15 
83 60 37 20 62 52 59 43 30 83 
55 88 41 47 30 25 9 89 96 88 
75 35 72 50 43 80 81 48 88 62 
45 37 12 87 91 100 82 45 96 76 
35 85 74 69 5 75 97 62 11 81 
15 53 15 21 67 3 45 25 43 86 
36 98 78 37 75 73 89 83 82 11 
81 3 20 23 35 28 5 34 69 53 
25 50 41 28 12 44 96 60 1 77 
99 46 22 24 30 73 50 54 51 42 
89 94 7 7 93 53 93 94 2 95 
47 75 65 52 80 80 22 2 12 65 
92 74 35 44 10 70 26 98 71 31 
5 64 39 28 62 1 37 79 59 81 
22 55 58 48 57 84 2 61 25 35 
90 14 47 98 94 33 72 52 78 28 
7 18 91 69 13 87 65 70 50 50 
3 61 11 81 47 52 37 100 33 80 
46 41 79 39 89 52 31 60 49 56 
69 58 9 17 49 30 18 100 5 68 
50 92 60 25 29 19 45 54 59 18 
47 8 36 66 34 35 20 40 64 97 
16 20 52 42 43 22 67 58 54 42 
73 76 38 39 37 69 26 90 73 92 
13 57 22 77 91 22 72 48 62 98 
72 13 17 97 82 63 15 47 69 70 
13 34 65 22 89 78 44 85 92 41 
38 81 37 81 24 44 28 3 77 84 
97 19 31 72 76 10 7 100 50 39 
27 53 56 63 87 46 32 41 24 50 
50 42 61 20 64 70 92 36 86 3 
80 33 1 69 60 28 86 40 61 67 
40 7 94 60 98 79 4 32 68 72 
29 8 37 86 38 87 77 36 41 34 
61 42 21 77 96 6 49 8 86 55 
37 78 37 89 16 9 35 92 7 95 
27 87 87 6 79 88 88 8 95 72 
33 69 97 62 57 49 76 89 85 1 
5 62 38 78 8 47 34 71 56 58 
69 29 5 15 85 80 62 82 55 88 
5 8 55 17 55 88 92 29 62 46 
36 29 33 26 93 24 90 23 36 91 
99 23 85 97 8 54 1 75 86 65 
12 7 100 86 71 3 70 11 41 41 
78 65 6 11 88 91 1 54 67 47 
19 64 18 28 25 50 54 6 58 30 
53 92 35 73 40 93 21 7 38 45 
85 45 100 11 63 88 41 60 12 29 
83 6 89 95 61 48 33 85 96 86 
12 1 69 81 87 98 81 17 64 19 
35 19 71 17 99 62 43 23 77 6 
86 9 73 88 75 90 62 37 54 75 
54 26 87 33 61 45 57 78 74 62 
54 57 94 13 55 85 28 8 62 37 
38 20 4 29 3 74 2 72 39 44 
23 38 3 54 15 78 61 95 24 97 
76 41 46 37 14 94 75 96 59 44 
52 85 42 92 9 95 11 30 32 42 
44 1 69 35 41 63 96 70 46 80 
13 31 51 100 64 34 40 19 48 88 
88 98 81 59 29 39 66 6 50 2 
99 27 83 27 56 58 98 15 51 39 
59 36 83 79 7 61 88 28 50 83 
61 55 11 74 29 92 25 56 47 41 
51 17 17 84 2 95 43 87 23 60 
42 73 88 14 99 99 83 23 38 60 
50 36 59 55 27 24 28 20 16 69 
91 54 80 79 56 16 8 76 90 89 
80 29 6 79 6 43 56 61 81 30 
2 85 91 83 25 6 25 80 55 13 
9 11 43 47 55 80 50 27 25 99 
83 42 8 10 27 1 39 51 63 58 
43 50 92 4 10 75 97 45 29 19 
48 65 9 94 98 17 73 48 37 10 
94 20 39 13 85 55 41 68 89 73 
35 98 62 80 100 4 46 14 31 64 
43 36 40 36 38 65 48 96 94 15 
16 88 86 71 92 17 65 32 77 11 
80 26 65 26 1 50 87 57 15 97 
8 95 78 55 79 56 74 1 23 32 
65 66 82 85 85 23 70 36 73 94 
69 99 6 14 25 48 50 62 63 24 
89 99 31 98 72 40 86 60 73 81 
24 37 35 16 9 46 15 61 76 32 
68 99 22 62 77 100 62 89 63 27 
9 100 45 17 17 85 7 59 75 93 
61 18 74 27 85 61 20 51 33 44 
79 74 8 53 92 75 84 9 28 84 
73 65 25 86 45 19 74 35 67 24 
51 69 20 44 46 14 44 17 14 11 
82 9 62 86 87 83 56 12 28 9 
40 67 12 48 47 41 88 97 33 22 
82 60 23 60 29 15 3 50 3 68 
69 62 6 64 18 12 82 61 68 81 
20 99 86 89 51 20 16 5 23 74 
59 68 10 74 89 57 68 86 79 18 
81 10 56 56 78 40 51 92 9 100 
94 86 88 48 13 25 76 57 62 71 
96 26 11 51 45 22 43 92 2 18 
70 88 5 12 39 34 61 10 87 2 
51 70 24 48 20 28 94 89 5 88 
18 54 62 47 1 49 97 36 47 66 
46 38 61 2 36 61 54 32 27 82 
45 22 93 37 40 59 89 50 40 51 
51 24 33 27 29 83 31 99 2 60 
87 90 16 75 51 78 62 72 5 65 
32 56 43 3 56 87 84 2 77 51 
56 80 85 57 45 1 6 51 78 69 
6 82 25 36 37 33 49 54 50 95 
56 5 49 91 29 7 77 30 90 53 
47 79 53 96 37 27 92 60 87 94 
32 11 55 59 55 1 100 3 35 43 
30 34 71 89 69 67 60 68 71 97 
72 100 84 21 36 83 33 94 12 17 
63 13 61 21 6 41 95 25 93 18 
92 81 24 99 62 44 92 34 84 16 
13 57 72 80 50 94 92 77 94 90 
19 35 31 72 77 31 59 98 75 74 
100 34 32 28 93 31 37 18 63 94 
24 41 42 84 13 53 68 21 38 42 
64 68 43 51 57 50 38 13 58 73 
86 34 42 98 80 20 68 71 92 48 
17 99 29 84 27 88 58 30 46 16 
49 94 42 83 34 16 32 4 55 50 
78 10 91 61 85 71 72 68 79 30 
23 17 94 27 62 21 80 59 45 91 
97 69 18 57 2 74 23 10 72 82 
74 44 84 45 32 94 32 61 3 82 
80 56 18 2 2 52 63 8 48 59 
93 20 95 16 100 54 50 80 61 98 
77 99 63 17 20 31 68 37 44 72 
26 45 48 77 17 26 46 62 2 93 
13 27 14 55 82 34 4 3 51 38 
62 51 68 16 47 59 50 70 31 75 
39 3 36 96 23 65 68 77 65 67 
88 8 97 95 84 25 98 59 10 22 
13 41 13 66 92 17 54 16 13 24 
5 87 68 30 22 24 68 28 79 4 
27 49 43 13 49 24 10 96 14 19 
29 53 95 13 45 90 2 53 99 37 
19 4 18 90 59 79 99 34 29 35 
87 63 37 60 23 91 16 12 90 47 
62 13 85 6 50 47 24 44 64 85 
70 94 30 10 17 7 21 75 8 96 
36 17 10 36 49 9 40 60 12 13 
23 79 38 37 67 2 2 58 9 15 
20 88 40 67 35 66 96 34 33 97 
36 15 98 85 9 37 1 96 96 38 
59 61 97 67 58 17 19 93 31 98 
8 87 93 52 81 16 69 13 22 96 
99 91 80 39 19 97 69 46 37 77 
30 7 30 54 64 71 7 27 8 27 
41 55 65 33 4 43 20 33 82 17 
91 16 55 54 48 20 82 81 92 86 
55 95 44 49 29 3 88 92 16 24 
55 8 83 29 7 4 4 29 42 22 
64 68 51 47 26 78 75 74 53 51 
35 21 21 83 58 81 92 17 45 18 
94 15 11 32 62 21 4 44 41 43 
66 90 20 37 2 64 91 94 81 8 
62 32 67 44 67 17 17 47 2 86 
79 27 43 37 13 18 90 85 39 74 
47 69 45 7 94 100 5 63 86 99 
75 16 73 45 46 62 27 68 33 19 
12 28 74 89 13 86 88 32 91 51 
48 18 39 71 22 35 25 45 74 37 
96 25 57 64 92 29 98 75 59 41 
65 5 38 89 71 4 55 25 77 32 
85 6 23 42 48 36 66 43 55 92 
34 69 48 27 22 42 74 24 29 84 
98 55 13 61 56 55 8 3 10 31 
7 80 87 42 80 48 74 21 60 16 
62 93 41 56 62 98 22 44 62 58 
61 9 100 75 62 71 73 73 58 30 
77 44 99 10 70 79 84 16 97 53 
81 96 63 93 35 57 10 61 50 75 
9 35 13 29 2 77 92 62 95 35 
77 38 56 52 49 15 58 77 57 45 
86 81 8 56 22 15 12 40 17 9 
2 84 70 72 72 32 3 13 18 16 
20 6 61 30 83 62 59 99 31 1 
68 75 100 53 94 20 38 71 53 62 
22 38 21 73 39 39 88 94 31 70 
17 79 93 32 11 31 11 14 60 78 
96 62 29 23 91 13 71 12 48 93 
40 66 89 44 40 31 6 70 44 56 
98 13 28 48 69 35 57 80 27 66 
94 72 86 55 68 8 4 96 30 87 
28 33 86 49 35 86 34 93 8 84 
51 82 33 85 92 48 38 38 88 61 
3 40 9 73 65 38 81 7 62 95 
35 11 90 79 36 22 83 53 60 77 
45 57 87 82 59 87 4 21 70 81 
37 27 63 16 30 73 73 46 61 35 
25 49 79 27 34 60 80 1 53 8 
41 50 1 13 27 95 92 59 69 36 
14 8 86 77 4 36 13 55 62 100 
66 8 9 39 78 30 47 99 8 91 
21 28 82 59 11 89 91 94 89 52 
62 77 66 99 9 35 49 69 41 93 
75 2 17 75 95 29 71 70 98 52 
6 88 20 9 75 54 57 27 90 5 
21 91 88 67 45 35 100 62 90 98 
3 81 77 74 15 99 86 18 87 69 
51 75 56 90 97 47 18 73 93 5 
62 48 32 40 15 32 89 86 81 42 
40 61 58 97 28 87 2 97 66 3 
93 8 2 36 72 75 28 9 86 58 
99 78 22 33 34 42 82 35 52 54 
34 74 94 87 39 15 40 68 64 16 
100 88 38 43 86 79 36 75 33 35 
69 47 33 10 62 87 36 26 93 47 
23 70 93 70 64 100 93 52 80 24 
67 48 31 56 89 22 33 37 82 21 
41 35 55 97 77 29 50 87 57 88 
93 2 57 6 32 90 82 91 49 100 
41 72 84 58 87 96 3 41 5 24 
24 97 15 71 73 76 21 15 30 63 
77 72 62 34 72 46 73 19 49 29 
82 47 19 37 72 97 8 76 3 60 
59 6 21 56 76 20 55 32 14 49 
74 71 17 93 7 93 86 6 95 73 
40 26 13 45 62 28 22 54 55 39 
94 91 50 78 4 89 30 29 40 33 
59 57 94 22 8 15 60 97 56 83 
45 99 19 49 33 50 98 99 5 76 
79 38 3 45 24 76 39 60 99 11 
81 55 79 81 94 96 42 44 90 63 
38 84 37 93 27 35 31 69 74 16 
63 12 24 37 47 84 23 100 73 2 
14 18 85 65 21 64 23 50 7 46 
53 75 95 45 6 88 39 99 38 32 
59 94 82 52 47 11 53 82 88 63 
5 19 36 53 37 53 50 74 99 63 
12 37 56 25 49 30 80 15 27 2 
83 10 29 93 52 87 51 9 54 77 
63 15 29 54 20 33 72 29 50 95 
59 83 92 74 36 49 38 15 11 50 
47 4 6 66 64 42 80 46 60 23 
54 75 95 82 32 63 90 66 98 3 
28 68 79 51 95 41 20 82 59 56 
42 50 84 81 74 97 3 3 74 64 
46 92 100 37 41 79 22 98 46 31 
73 77 46 79 87 34 10 74 17 62 
64 41 23 66 73 80 87 24 48 38 
77 30 42 45 92 23 10 94 91 12 
21 97 71 92 70 98 36 25 19 72 
90 43 96 23 89 63 78 86 11 41 
49 46 95 10 15 26 80 65 27 39 
15 1 74 60 100 56 77 84 60 19 
8 24 100 59 32 41 36 28 88 66 
39 45 35 55 99 63 81 30 61 11 
87 87 10 87 5 87 25 1 11 21 
12 45 77 58 3 16 52 71 64 93 
29 93 21 16 61 1 81 14 60 46 
17 73 97 56 88 29 18 43 81 19 
3 81 77 66 12 89 38 15 84 17 
81 39 51 43 85 14 57 48 89 22 
41 61 40 75 88 92 33 76 78 92 
85 2 42 20 93 2 31 58 85 5 
8 75 55 6 62 7 78 86 17 36 
59 76 87 9 1 76 73 50 5 50 
92 97 9 97 56 35 38 14 70 76 
29 16 87 42 30 40 92 94 81 98 
42 38 79 10 35 80 69 70 88 54 
16 71 64 63 80 50 1 76 50 5 
43 45 66 33 34 48 2 19 23 40 
13 16 12 49 1 67 91 42 71 95 
12 44 22 5 39 93 54 48 93 1 
7 43 96 86 67 51 73 91 92 31 
27 5 67 6 66 1 85 61 93 56 
24 64 6 60 79 15 8 60 16 18 
23 41 11 89 48 98 12 4 80 74 
94 39 70 92 82 58 17 46 27 52 
84 58 91 78 79 38 35 78 15 40 
90 89 97 76 72 59 51 15 6 27 
67 9 17 67 2 33 59 98 65 4 
99 24 21 36 9 31 88 39 79 56 
16 5 51 70 61 35 44 27 62 14 
69 12 57 84 41 12 22 66 6 100 
50 19 1 62 3 21 14 24 92 82 
69 37 44 78 24 75 3 84 53 32 